 test                                                                           
 Basis set information needed for plotting orbitals
 ---------------------------------------------------------------------------
      4    12    30
 ---------------------------------------------------------------------------
    6   0.000000000   0.000000000  -0.528864320
    1   0.000000000   0.937752300  -1.123775480
    8   0.000000000   0.000000000   0.677592110
    1   0.000000000  -0.937752300  -1.123775480
 ---------------------------------------------------------------------------
      1     1     1     6
      1
      1     4     7     3
      1   101   102   103
      1     4    10     1
      1   101   102   103
      1     6    11     1
    201   204   206   202   203   205
      2     1    12     3
      1
      2     1    15     1
      1
      3     1    16     6
      1
      3     4    22     3
      1   101   102   103
      3     4    25     1
      1   101   102   103
      3     6    26     1
    201   204   206   202   203   205
      4     1    27     3
      1
      4     1    30     1
      1
 ---------------------------------------------------------------------------
     0.304752488E+04   0.457369518E+03   0.103948685E+03   0.292101553E+02
     0.928666296E+01   0.316392696E+01   0.786827235E+01   0.188128854E+01
     0.544249258E+00   0.168714478E+00   0.800000000E+00   0.187311370E+02
     0.282539436E+01   0.640121692E+00   0.161277759E+00   0.548467166E+04
     0.825234946E+03   0.188046958E+03   0.529645000E+02   0.168975704E+02
     0.579963534E+01   0.155396162E+02   0.359993359E+01   0.101376175E+01
     0.270005823E+00   0.800000000E+00   0.187311370E+02   0.282539436E+01
     0.640121692E+00   0.161277759E+00

     0.536345187E+00   0.989452141E+00   0.159728255E+01   0.207918728E+01
     0.177417427E+01   0.612579741E+00  -0.399556387E+00  -0.184155174E+00
     0.516390329E+00   0.187617937E+00   0.000000000E+00   0.214935449E+00
     0.364571202E+00   0.415051428E+00   0.181380649E+00   0.831723678E+00
     0.153081556E+01   0.247714854E+01   0.325628110E+01   0.279289337E+01
     0.954937677E+00  -0.617933960E+00  -0.275720929E+00   0.814207596E+00
     0.266956156E+00   0.000000000E+00   0.214935449E+00   0.364571202E+00
     0.415051428E+00   0.181380649E+00

     0.000000000E+00   0.000000000E+00   0.000000000E+00   0.000000000E+00
     0.000000000E+00   0.000000000E+00   0.129608216E+01   0.993753596E+00
     0.495952692E+00   0.154127640E+00   0.000000000E+00   0.000000000E+00
     0.000000000E+00   0.000000000E+00   0.000000000E+00   0.000000000E+00
     0.000000000E+00   0.000000000E+00   0.000000000E+00   0.000000000E+00
     0.000000000E+00   0.311694427E+01   0.240143753E+01   0.105436042E+01
     0.277431966E+00   0.000000000E+00   0.000000000E+00   0.000000000E+00
     0.000000000E+00   0.000000000E+00

     0.000000000E+00   0.000000000E+00   0.000000000E+00   0.000000000E+00
     0.000000000E+00   0.000000000E+00   0.000000000E+00   0.000000000E+00
     0.000000000E+00   0.000000000E+00   0.111382493E+01   0.000000000E+00
     0.000000000E+00   0.000000000E+00   0.000000000E+00   0.000000000E+00
     0.000000000E+00   0.000000000E+00   0.000000000E+00   0.000000000E+00
     0.000000000E+00   0.000000000E+00   0.000000000E+00   0.000000000E+00
     0.000000000E+00   0.111382493E+01   0.000000000E+00   0.000000000E+00
     0.000000000E+00   0.000000000E+00

     0.000000000E+00   0.000000000E+00   0.000000000E+00   0.000000000E+00
     0.000000000E+00   0.000000000E+00   0.000000000E+00   0.000000000E+00
     0.000000000E+00   0.000000000E+00   0.000000000E+00   0.000000000E+00
     0.000000000E+00   0.000000000E+00   0.000000000E+00   0.000000000E+00
     0.000000000E+00   0.000000000E+00   0.000000000E+00   0.000000000E+00
     0.000000000E+00   0.000000000E+00   0.000000000E+00   0.000000000E+00
     0.000000000E+00   0.000000000E+00   0.000000000E+00   0.000000000E+00
     0.000000000E+00   0.000000000E+00
