 test                                                                           
 NAOs in the AO basis:                                                          
 -------------------------------------------------------------------------------
     1.008769701   -0.001369835    0.000000000    0.000000000    0.003529549
    -0.011178179    0.000000000    0.000000000    0.001538246   -0.006605878
    -0.006649677   -0.006349880    0.000000000    0.000000000    0.000000000
    -0.010229503   -0.017789485    0.004593173   -0.009654103    0.000000000
     0.000000000    0.024102494   -0.015444809    0.000000000    0.000000000
     0.024352425   -0.000003648    0.000072309    0.000505334    0.000000000
     0.000000000    0.000000000   -0.010229503   -0.017789485
    -0.175156275    0.832068896    0.000000000    0.000000000    0.021440739
     0.679655873    0.000000000    0.000000000    0.053524688    0.023698825
     0.024165529    0.020970998    0.000000000    0.000000000    0.000000000
    -0.168647476   -0.153322546    0.039906454   -0.189204599    0.000000000
     0.000000000    0.205798209   -0.151175345    0.000000000    0.000000000
     0.187657191   -0.008942194   -0.010002111   -0.016219506    0.000000000
     0.000000000    0.000000000   -0.168647476   -0.153322546
     0.085784631   -2.522298855    0.000000000    0.000000000   -0.008751084
     3.196828629    0.000000000    0.000000000   -0.204901318    0.430348755
     0.428467084    0.441346903    0.000000000    0.000000000    0.000000000
    -0.252703453   -0.810078360    0.040232985   -0.120282242    0.000000000
     0.000000000    0.020817152   -0.663100029    0.000000000    0.000000000
     0.132588232    0.033314899    0.042648313    0.100094598    0.000000000
     0.000000000    0.000000000   -0.252703453   -0.810078360
    -0.461708365    2.378844944    0.000000000    0.000000000   -0.075560087
     3.074713033    0.000000000    0.000000000   -0.087903154   -1.780060687
    -1.764849815   -1.868966439    0.000000000    0.000000000    0.000000000
     0.114316067   -0.835383231    0.057962622    0.269863530    0.000000000
     0.000000000   -0.227802099   -1.203113713    0.000000000    0.000000000
     0.146729820    0.141245097    0.170838300    0.378617806    0.000000000
     0.000000000    0.000000000    0.114316067   -0.835383231
     0.000000000    0.000000000    0.778357578    0.000000000    0.000000000
     0.000000000    0.365697230    0.000000000    0.000000000    0.000000000
     0.000000000    0.000000000    0.000000000    0.000000000    0.000000000
     0.000000000    0.000000000    0.000000000    0.000000000   -0.108615286
     0.000000000    0.000000000    0.000000000   -0.070027222    0.000000000
     0.000000000    0.000000000    0.000000000    0.000000000    0.000000000
     0.002526579    0.000000000    0.000000000    0.000000000
     0.000000000    0.000000000    0.934619392    0.000000000    0.000000000
     0.000000000   -1.274735446    0.000000000    0.000000000    0.000000000
     0.000000000    0.000000000    0.000000000    0.000000000    0.000000000
     0.000000000    0.000000000    0.000000000    0.000000000    0.078551539
     0.000000000    0.000000000    0.000000000    0.240037394    0.000000000
     0.000000000    0.000000000    0.000000000    0.000000000    0.000000000
     0.011588237    0.000000000    0.000000000    0.000000000
     0.000000000    0.000000000    0.000000000    0.954464091    0.000000000
     0.000000000    0.000000000    0.264544937    0.000000000    0.000000000
     0.000000000    0.000000000    0.000000000    0.000000000    0.000000000
    -0.165212073   -0.031859778    0.000000000    0.000000000    0.000000000
    -0.131187662    0.000000000    0.000000000    0.000000000   -0.021606765
     0.000000000    0.000000000    0.000000000    0.000000000    0.000000000
     0.000000000   -0.006450563    0.165212073    0.031859778
     0.000000000    0.000000000    0.000000000    0.793573516    0.000000000
     0.000000000    0.000000000   -2.801445554    0.000000000    0.000000000
     0.000000000    0.000000000    0.000000000    0.000000000    0.000000000
     0.336965016    1.252061099    0.000000000    0.000000000    0.000000000
     0.129569985    0.000000000    0.000000000    0.000000000    0.612513208
     0.000000000    0.000000000    0.000000000    0.000000000    0.000000000
     0.000000000   -0.029585714   -0.336965016   -1.252061099
     0.001088288    0.005482331    0.000000000    0.000000000    0.974566138
     0.118174550    0.000000000    0.000000000    0.421765073    0.009896649
     0.009896649    0.009896649    0.000000000    0.000000000    0.000000000
     0.101804054    0.045870021    0.032108220   -0.270715977    0.000000000
     0.000000000    0.196435285   -0.101190688    0.000000000    0.000000000
     0.161358770   -0.025868861   -0.024143361   -0.047498228    0.000000000
     0.000000000    0.000000000    0.101804054    0.045870021
    -0.013023827   -0.032512338    0.000000000    0.000000000    0.905288809
     0.393129011    0.000000000    0.000000000   -2.058488585    0.031220138
     0.031220138    0.031220138    0.000000000    0.000000000    0.000000000
    -0.160056265   -0.590408802   -0.061469050    0.117704362    0.000000000
     0.000000000    0.113946837    1.064900817    0.000000000    0.000000000
    -0.025781542   -0.083284468   -0.075370407   -0.182488247    0.000000000
     0.000000000    0.000000000   -0.160056265   -0.590408802
     0.000000000    0.000000000    0.000000000    0.000000000    0.000000000
     0.000000000    0.000000000    0.000000000    0.000000000    0.000000000
     0.000000000    0.000000000    1.007910296    0.000000000    0.000000000
     0.000000000    0.000000000    0.000000000    0.000000000    0.000000000
     0.000000000    0.000000000    0.000000000    0.000000000    0.000000000
     0.000000000    0.000000000    0.000000000    0.000000000   -0.126028427
     0.000000000    0.000000000    0.000000000    0.000000000
     0.000000000    0.000000000    0.112642190    0.000000000    0.000000000
     0.000000000    0.295846951    0.000000000    0.000000000    0.000000000
     0.000000000    0.000000000    0.000000000    1.186357927    0.000000000
     0.000000000    0.000000000    0.000000000    0.000000000   -0.029894167
     0.000000000    0.000000000    0.000000000   -0.478892293    0.000000000
     0.000000000    0.000000000    0.000000000    0.000000000    0.000000000
     0.548672622    0.000000000    0.000000000    0.000000000
     0.000000000    0.000000000    0.000000000    0.020427144    0.000000000
     0.000000000    0.000000000    0.066378279    0.000000000    0.000000000
     0.000000000    0.000000000    0.000000000    0.000000000    1.277128106
     0.407998938   -0.149235456    0.000000000    0.000000000    0.000000000
    -0.065793033    0.000000000    0.000000000    0.000000000   -0.338013322
     0.000000000    0.000000000    0.000000000    0.000000000    0.000000000
     0.000000000    0.520078870   -0.407998938    0.149235456
     0.014758602    0.206433730    0.000000000    0.000000000   -0.028418065
    -0.828333470    0.000000000    0.000000000    0.193983595    0.903113115
    -0.997051618   -0.038222581    0.000000000    0.000000000    0.000000000
     0.373752955    0.171448501   -0.021064415   -0.083601345    0.000000000
     0.000000000    0.022438229    0.394600800    0.000000000    0.000000000
    -0.183942687   -0.188920260    0.035578329   -0.029263072    0.000000000
     0.000000000    0.000000000    0.373752955    0.171448501
     0.052398568    0.173911420    0.000000000    0.000000000    0.737308912
     1.191564056    0.000000000    0.000000000    1.020347916   -0.459356966
    -0.469456750    1.601037345    0.000000000    0.000000000    0.000000000
     0.011319857    0.051978687    0.072046934   -0.031008910    0.000000000
     0.000000000    0.513917325   -2.150439452    0.000000000    0.000000000
     1.048487651    0.354191465    0.353006484   -0.607975246    0.000000000
     0.000000000    0.000000000    0.011319857    0.051978687
     0.034281059   -0.161965167    0.000000000   -0.252143541    0.144580638
    -0.193121535    0.000000000   -0.151593782    0.100488622   -0.022312497
    -0.022312497   -0.022312497    0.000000000    0.000000000    0.000000000
     0.827310042    0.615818416    0.001786263   -0.024176982    0.000000000
     0.033024037    0.007246068   -0.004221241    0.000000000    0.013779778
     0.003309280   -0.004395984   -0.002907592   -0.003186204    0.000000000
     0.000000000    0.001164867   -0.033551242   -0.012084817
    -0.000599534   -0.336921565    0.000000000   -0.125208701    0.073128216
     1.100198692    0.000000000    0.958113108   -0.434037566    0.077761465
     0.077761465    0.077761465    0.000000000    0.000000000    0.000000000
     0.995395071   -2.429114951   -0.012427127   -0.024013287    0.000000000
     0.007013831    0.012596786    0.165830790    0.000000000   -0.147264550
    -0.019153222   -0.032246186   -0.019752339   -0.022091062    0.000000000
     0.000000000    0.009778118    0.018596280    0.282018350
     0.002371519   -0.000519148    0.000000000    0.000000000   -0.009584060
    -0.007337204    0.000000000    0.000000000   -0.013432623   -0.000549683
    -0.000557507   -0.001213189    0.000000000    0.000000000    0.000000000
    -0.000348779   -0.000943189    1.012277055   -0.032543757    0.000000000
     0.000000000   -0.002142302   -0.041378849    0.000000000    0.000000000
    -0.006629147   -0.009081359   -0.009076895   -0.007436467    0.000000000
     0.000000000    0.000000000   -0.000348779   -0.000943189
     0.027013364   -0.094147543    0.000000000    0.000000000   -0.220270711
    -0.226943027    0.000000000    0.000000000   -0.236666280   -0.023244437
    -0.023183811   -0.018102879    0.000000000    0.000000000    0.000000000
    -0.017805980   -0.020558524   -0.144563658    0.695234250    0.000000000
     0.000000000   -0.126862880    0.705178902    0.000000000    0.000000000
    -0.099909214    0.011259316    0.011240759    0.000604370    0.000000000
     0.000000000    0.000000000   -0.017805980   -0.020558524
    -0.084436567    0.012059854    0.000000000    0.000000000   -0.561185285
    -2.780894569    0.000000000    0.000000000   -2.073236280   -0.206767880
    -0.208346952   -0.340685164    0.000000000    0.000000000    0.000000000
     0.098047636   -0.114394899   -0.150138750   -1.923644932    0.000000000
     0.000000000   -0.036153395    6.253305547    0.000000000    0.000000000
    -1.923014537   -0.740127029   -0.737891836   -0.234195781    0.000000000
     0.000000000    0.000000000    0.098047636   -0.114394899
     0.008976155   -0.268671322    0.000000000    0.000000000   -0.349803960
     0.787821438    0.000000000    0.000000000    0.552014766    0.097537466
     0.094170666   -0.187992563    0.000000000    0.000000000    0.000000000
    -0.036157745    0.064929137    0.460807631   -0.089628920    0.000000000
     0.000000000   -0.103887167   -3.915254536    0.000000000    0.000000000
     0.212088159    1.508350545    1.507153572    1.809629123    0.000000000
     0.000000000    0.000000000   -0.036157745    0.064929137
     0.000000000    0.000000000   -0.088555460    0.000000000    0.000000000
     0.000000000   -0.057347782    0.000000000    0.000000000    0.000000000
     0.000000000    0.000000000    0.000000000    0.000000000    0.000000000
     0.000000000    0.000000000    0.000000000    0.000000000    0.710514677
     0.000000000    0.000000000    0.000000000    0.469744490    0.000000000
     0.000000000    0.000000000    0.000000000    0.000000000    0.000000000
     0.002813383    0.000000000    0.000000000    0.000000000
     0.000000000    0.000000000   -0.050119314    0.000000000    0.000000000
     0.000000000   -0.466477454    0.000000000    0.000000000    0.000000000
     0.000000000    0.000000000    0.000000000    0.000000000    0.000000000
     0.000000000    0.000000000    0.000000000    0.000000000   -0.922064493
     0.000000000    0.000000000    0.000000000    1.276275016    0.000000000
     0.000000000    0.000000000    0.000000000    0.000000000    0.000000000
    -0.027585684    0.000000000    0.000000000    0.000000000
     0.000000000    0.000000000    0.000000000   -0.113512466    0.000000000
     0.000000000    0.000000000   -0.002722597    0.000000000    0.000000000
     0.000000000    0.000000000    0.000000000    0.000000000    0.000000000
     0.004250712   -0.024058597    0.000000000    0.000000000    0.000000000
     0.715666832    0.000000000    0.000000000    0.000000000    0.449949805
     0.000000000    0.000000000    0.000000000    0.000000000    0.000000000
     0.000000000    0.006572503   -0.004250712    0.024058597
     0.000000000    0.000000000    0.000000000   -0.051527154    0.000000000
     0.000000000    0.000000000   -1.277776255    0.000000000    0.000000000
     0.000000000    0.000000000    0.000000000    0.000000000    0.000000000
     0.194866191    0.538017524    0.000000000    0.000000000    0.000000000
    -0.925953841    0.000000000    0.000000000    0.000000000    1.515740426
     0.000000000    0.000000000    0.000000000    0.000000000    0.000000000
     0.000000000   -0.064444483   -0.194866191   -0.538017524
    -0.002533762    0.070492233    0.000000000    0.000000000    0.090431873
     0.086790483    0.000000000    0.000000000    0.066338741    0.009791524
     0.009791524    0.009791524    0.000000000    0.000000000    0.000000000
     0.011771176    0.009023215    0.007327138   -0.136476379    0.000000000
     0.000000000    0.778501751    0.103699444    0.000000000    0.000000000
     0.454856307   -0.044265034   -0.044343449   -0.018619043    0.000000000
     0.000000000    0.000000000    0.011771176    0.009023215
     0.083105152    0.227230150    0.000000000    0.000000000    0.366607223
     1.550875413    0.000000000    0.000000000    0.753447570    0.134881292
     0.134881292    0.134881292    0.000000000    0.000000000    0.000000000
    -0.073196724   -0.034548043    0.157340420    0.138669190    0.000000000
     0.000000000   -0.864942595   -2.367004991    0.000000000    0.000000000
     2.126551627    0.402458058    0.403226923    0.150994859    0.000000000
     0.000000000    0.000000000   -0.073196724   -0.034548043
     0.000000000    0.000000000    0.000000000    0.000000000    0.000000000
     0.000000000    0.000000000    0.000000000    0.000000000    0.000000000
     0.000000000    0.000000000    0.000000000    0.000000000    0.000000000
     0.000000000    0.000000000    0.000000000    0.000000000    0.000000000
     0.000000000    0.000000000    0.000000000    0.000000000    0.000000000
     0.000000000    0.000000000    0.000000000    0.000000000    1.000000000
     0.000000000    0.000000000    0.000000000    0.000000000
     0.000000000    0.000000000    0.228552948    0.000000000    0.000000000
     0.000000000    0.119989774    0.000000000    0.000000000    0.000000000
     0.000000000    0.000000000    0.000000000    0.000000000    0.000000000
     0.000000000    0.000000000    0.000000000    0.000000000    0.008080621
     0.000000000    0.000000000    0.000000000   -0.121237092    0.000000000
     0.000000000    0.000000000    0.000000000    0.000000000    0.000000000
     1.041952099    0.000000000    0.000000000    0.000000000
     0.000000000    0.000000000    0.000000000    0.231677024    0.000000000
     0.000000000    0.000000000    0.606804855    0.000000000    0.000000000
     0.000000000    0.000000000    0.000000000    0.000000000    0.000000000
    -0.151476853   -0.279334444    0.000000000    0.000000000    0.000000000
     0.019797161    0.000000000    0.000000000    0.000000000   -0.282334011
     0.000000000    0.000000000    0.000000000    0.000000000    0.000000000
     0.000000000    1.072608385    0.151476853    0.279334444
     0.000875338    0.040740850    0.000000000    0.000000000   -0.006592374
    -0.107957668    0.000000000    0.000000000    0.046250303   -0.007352846
    -0.007352846   -0.007352846    0.000000000    0.000000000    0.000000000
     0.001036579    0.064667305    0.000372074    0.001586900    0.000000000
     0.000000000   -0.000924819   -0.007583596    0.000000000    0.000000000
    -0.002977427    0.867949368   -0.865857480    0.001545752    0.000000000
     0.000000000    0.000000000    0.001036579    0.064667305
    -0.076918469   -0.795658488    0.000000000    0.000000000   -0.766564292
    -0.366722197    0.000000000    0.000000000   -0.051384190   -0.058957722
    -0.058957722   -0.058957722    0.000000000    0.000000000    0.000000000
     0.034463782    0.021137913   -0.093958306   -0.111014354    0.000000000
     0.000000000   -0.071641822    1.280602522    0.000000000    0.000000000
    -0.855478254   -0.838197030   -0.838774159    1.141773992    0.000000000
     0.000000000    0.000000000    0.034463782    0.021137913
     0.034281059   -0.161965167    0.000000000    0.252143541    0.144580638
    -0.193121535    0.000000000    0.151593782    0.100488622   -0.022312497
    -0.022312497   -0.022312497    0.000000000    0.000000000    0.000000000
    -0.033551242   -0.012084817    0.001786263   -0.024176982    0.000000000
    -0.033024037    0.007246068   -0.004221241    0.000000000   -0.013779778
     0.003309280   -0.004395984   -0.002907592   -0.003186204    0.000000000
     0.000000000   -0.001164867    0.827310042    0.615818416
    -0.000599534   -0.336921565    0.000000000    0.125208701    0.073128216
     1.100198692    0.000000000   -0.958113108   -0.434037566    0.077761465
     0.077761465    0.077761465    0.000000000    0.000000000    0.000000000
     0.018596280    0.282018350   -0.012427127   -0.024013287    0.000000000
    -0.007013831    0.012596786    0.165830790    0.000000000    0.147264550
    -0.019153222   -0.032246186   -0.019752339   -0.022091062    0.000000000
     0.000000000   -0.009778118    0.995395071   -2.429114951
    1   1   1   1   1   1   1   1   1   1   1   1   1   1   1   2   2   3   3   3
    3   3   3   3   3   3   3   3   3   3   3   3   4   4
   51  51  51  51 151 151 152 152 153 153 251 252 253 254 255  51  51  51  51  51
   51 151 151 152 152 153 153 251 252 253 254 255  51  51
    1   1   0   0   1   0   1   0   1   0   0   0   0   0   0   1   0   1   1   0
    0   1   0   1   0   1   0   0   0   0   0   0   1   0
 test                                                                           
 PNAO overlap matrix:                                                           
 -------------------------------------------------------------------------------
     1.000000000    0.000000000    1.000000000    0.000000000    0.000000000
     1.000000000    0.000000000    0.000000000    0.000000000    1.000000000
     0.000000000    0.000000000    0.000000000    0.000000000    1.000000000
     0.000000000    0.000000000    0.000000000    0.000000000    0.000000000
     1.000000000    0.000000000    0.000000000    0.000000000    0.000000000
     0.000000000    0.000000000    1.000000000    0.000000000    0.000000000
     0.000000000    0.000000000    0.000000000    0.000000000    0.000000000
     1.000000000    0.000000000    0.000000000    0.000000000    0.000000000
     0.000000000    0.000000000    0.000000000    0.000000000    1.000000000
     0.000000000    0.000000000    0.000000000    0.000000000    0.000000000
     0.000000000    0.000000000    0.000000000    0.000000000    1.000000000
     0.000000000    0.000000000    0.000000000    0.000000000    0.000000000
     0.000000000    0.000000000    0.000000000    0.000000000    0.000000000
     1.000000000    0.000000000    0.000000000    0.000000000    0.000000000
     0.000000000    0.000000000    0.000000000    0.000000000    0.000000000
     0.000000000    0.000000000    1.000000000    0.000000000    0.000000000
     0.000000000    0.000000000    0.000000000    0.000000000    0.000000000
     0.000000000    0.000000000    0.000000000    0.000000000    0.000000000
     1.000000000    0.000000000    0.000000000    0.000000000    0.000000000
     0.000000000    0.000000000    0.000000000    0.000000000    0.000000000
     0.000000000    0.000000000    0.000000000    0.000000000    1.000000000
     0.000000000    0.000000000    0.000000000    0.000000000    0.000000000
     0.000000000    0.000000000    0.000000000    0.000000000    0.000000000
     0.000000000    0.000000000    0.000000000    0.000000000    1.000000000
     0.075653345    0.559105307    0.254387078   -0.048713533    0.000000000
     0.000000000    0.456153290   -0.234794733   -0.289384182    0.148954054
     0.000000000    0.000000000   -0.163630183   -0.128964281   -0.014524459
     1.000000000   -0.072368455   -0.316506112   -0.223625575   -0.066694492
     0.000000000    0.000000000    0.030580688    0.167675006   -0.019400424
    -0.106373220    0.000000000    0.000000000   -0.243630584   -0.192016183
    -0.021625610    0.000000000    1.000000000    0.000213973    0.048301561
     0.043046238   -0.016121597    0.000000000    0.000000000    0.000000000
     0.000000000    0.086158859   -0.053358120    0.000000000    0.000000000
     0.000000000    0.000000000    0.067308615    0.008056004   -0.014791947
     1.000000000    0.047830636    0.424228849    0.208304451   -0.049137962
     0.000000000    0.000000000    0.000000000    0.000000000    0.526339549
    -0.265359020    0.000000000    0.000000000    0.000000000    0.000000000
     0.240646156    0.112755141   -0.156165994    0.000000000    1.000000000
     0.095599218    0.375119651    0.207260698    0.049773344    0.000000000
     0.000000000    0.000000000    0.000000000    0.065711561   -0.258146539
     0.000000000    0.000000000    0.000000000    0.000000000   -0.295489464
     0.205067402   -0.168581819    0.000000000    0.000000000    1.000000000
     0.028402553    0.104469393   -0.006710226    0.031830562    0.000000000
     0.000000000    0.000000000    0.000000000    0.202659992    0.013036316
     0.000000000    0.000000000    0.000000000    0.000000000    0.028846093
     0.000289423   -0.041425074    0.000000000    0.000000000    0.000000000
     1.000000000    0.000000000    0.000000000    0.000000000    0.000000000
     0.354323322   -0.189887172    0.000000000    0.000000000    0.000000000
     0.000000000    0.000000000    0.249434459    0.000000000    0.000000000
     0.000000000    0.000000000    0.000000000    0.000000000    0.000000000
     0.000000000    0.000000000    1.000000000    0.000000000    0.000000000
     0.000000000    0.000000000    0.337130759   -0.200904769    0.000000000
     0.000000000    0.000000000    0.000000000    0.000000000    0.075779030
     0.000000000    0.000000000    0.000000000    0.000000000    0.000000000
     0.000000000    0.000000000    0.000000000    0.000000000    0.000000000
     1.000000000    0.000000000    0.000000000    0.000000000    0.000000000
     0.000000000    0.000000000    0.354323322   -0.189887172    0.000000000
     0.000000000    0.000000000    0.000000000    0.249434459    0.000000000
     0.000000000    0.079605408   -0.074614223    0.000000000    0.000000000
     0.000000000    0.000000000    0.000000000    0.000000000    1.000000000
     0.000000000    0.000000000    0.000000000    0.000000000    0.000000000
     0.000000000    0.337130759   -0.200904769    0.000000000    0.000000000
     0.000000000    0.000000000    0.075779030    0.000000000    0.000000000
     0.102187694   -0.069079597    0.000000000    0.000000000    0.000000000
     0.000000000    0.000000000    0.000000000    0.000000000    1.000000000
    -0.105991350   -0.412491716    0.200683092    0.083797240    0.000000000
     0.000000000    0.000000000    0.000000000   -0.212091560   -0.270186634
     0.000000000    0.000000000    0.000000000    0.000000000   -0.184069699
    -0.152917355    0.143329579    0.000000000    0.000000000    0.000000000
     0.000000000    0.000000000    0.000000000    0.000000000    0.000000000
     1.000000000   -0.138847728   -0.363646610    0.032610059   -0.065888756
     0.000000000    0.000000000    0.000000000    0.000000000    0.026528693
    -0.032957091    0.000000000    0.000000000    0.000000000    0.000000000
     0.285233160   -0.196296613    0.132697885    0.000000000    0.000000000
     0.000000000    0.000000000    0.000000000    0.000000000    0.000000000
     0.000000000    0.000000000    1.000000000    0.000000000    0.000000000
     0.000000000    0.000000000    0.000000000    0.000000000    0.000000000
     0.000000000    0.000000000    0.000000000    0.125039329    0.000000000
     0.000000000    0.000000000    0.000000000    0.000000000    0.000000000
     0.000000000    0.000000000    0.000000000    0.000000000    0.000000000
     0.000000000    0.000000000    0.000000000    0.000000000    0.000000000
     1.000000000    0.000000000    0.000000000    0.000000000    0.000000000
    -0.240483938   -0.100060107    0.000000000    0.000000000    0.000000000
     0.000000000    0.000000000   -0.394905950    0.000000000    0.000000000
     0.000000000    0.000000000    0.000000000    0.000000000    0.000000000
     0.000000000    0.000000000    0.000000000    0.000000000    0.000000000
     0.000000000    0.000000000    0.000000000    0.000000000    1.000000000
     0.000000000    0.000000000    0.000000000    0.000000000    0.000000000
     0.000000000   -0.240483938   -0.100060107    0.000000000    0.000000000
     0.000000000    0.000000000   -0.394905950    0.000000000    0.000000000
    -0.037876897    0.036753429    0.000000000    0.000000000    0.000000000
     0.000000000    0.000000000    0.000000000    0.000000000    0.000000000
     0.000000000    0.000000000    0.000000000    0.000000000    1.000000000
     0.000000000    0.000000000    0.000000000    0.000000000    0.000000000
     0.000000000    0.000000000    0.000000000    0.000000000    0.000000000
     0.000000000    0.000000000    0.000000000    0.125039329    0.000000000
    -0.009858939    0.009566513    0.000000000    0.000000000    0.000000000
     0.000000000    0.000000000    0.000000000    0.000000000    0.000000000
     0.000000000    0.000000000    0.000000000    0.000000000    0.000000000
     1.000000000    0.104831093    0.146930072   -0.311534141    0.067697243
     0.000000000    0.000000000    0.000000000    0.000000000    0.107557481
     0.346786310    0.000000000    0.000000000    0.000000000    0.000000000
     0.152467122    0.036315549   -0.035238391    0.000000000    0.000000000
     0.000000000    0.000000000    0.000000000    0.000000000    0.000000000
     0.000000000    0.000000000    0.000000000    0.000000000    0.000000000
     0.000000000    0.000000000    1.000000000    0.075653345    0.559105307
     0.254387078   -0.048713533    0.000000000    0.000000000   -0.456153290
     0.234794733   -0.289384182    0.148954054    0.000000000    0.000000000
     0.163630183   -0.128964281   -0.014524459    0.215242388   -0.231042678
     0.008056004    0.112755141    0.205067402    0.000289423    0.000000000
     0.000000000   -0.079605408   -0.102187694   -0.152917355   -0.196296613
     0.000000000    0.000000000    0.037876897   -0.009858939    0.036315549
     1.000000000   -0.072368455   -0.316506112   -0.223625575   -0.066694492
     0.000000000    0.000000000   -0.030580688   -0.167675006   -0.019400424
    -0.106373220    0.000000000    0.000000000    0.243630584   -0.192016183
    -0.021625610   -0.231042678    0.152896857   -0.014791947   -0.156165994
    -0.168581819   -0.041425074    0.000000000    0.000000000    0.074614223
     0.069079597    0.143329579    0.132697885    0.000000000    0.000000000
    -0.036753429    0.009566513   -0.035238391    0.000000000    1.000000000
