 test                                                                           
 NBOs in the AO basis:                                                          
 -------------------------------------------------------------------------------
    -0.055750879    0.223535635    0.000000000    0.345589069   -0.195115058
     0.207509366    0.000000000    0.072751582   -0.054702218   -0.010146754
     0.011950644   -0.007124039    0.000000000    0.000000000   -0.023799294
     0.327604428    0.255642712    0.009624202   -0.017888648    0.000000000
    -0.049259388    0.034913435   -0.045022130    0.000000000   -0.002290968
     0.037176447    0.002347680    0.000001819    0.008917842    0.000000000
     0.000000000   -0.012122900   -0.036536988   -0.079595485
     0.000000000    0.000000000    0.359873973    0.000000000    0.000000000
     0.000000000    0.208630177    0.000000000    0.000000000    0.000000000
     0.000000000    0.000000000    0.000000000    0.027792527    0.000000000
     0.000000000    0.000000000    0.000000000    0.000000000    0.509250526
     0.000000000    0.000000000    0.000000000    0.313763388    0.000000000
     0.000000000    0.000000000    0.000000000    0.000000000    0.000000000
    -0.033383983    0.000000000    0.000000000    0.000000000
    -0.044101265    0.239581345    0.000000000    0.000000000    0.337479738
     0.075165239    0.000000000    0.000000000    0.032050048   -0.021679525
    -0.025792954    0.024474883    0.000000000    0.000000000    0.000000000
    -0.021885435   -0.034885873   -0.054926422    0.309243810    0.000000000
     0.000000000   -0.387428569    0.137815608    0.000000000    0.000000000
    -0.159490669   -0.002326250   -0.006345956    0.027198145    0.000000000
     0.000000000    0.000000000   -0.021885435   -0.034885873
    -0.055750879    0.223535635    0.000000000   -0.345589069   -0.195115058
     0.207509366    0.000000000   -0.072751582   -0.054702218   -0.010146754
     0.011950644   -0.007124039    0.000000000    0.000000000    0.023799294
    -0.036536988   -0.079595485    0.009624202   -0.017888648    0.000000000
     0.049259388    0.034913435   -0.045022130    0.000000000    0.002290968
     0.037176447    0.002347680    0.000001819    0.008917842    0.000000000
     0.000000000    0.012122900    0.327604428    0.255642712
     1.008780733   -0.001429029    0.000000000    0.000000000    0.003496898
    -0.011218004    0.000000000    0.000000000    0.001532423   -0.006605457
    -0.006650348   -0.006353602    0.000000000    0.000000000    0.000000000
    -0.010221336   -0.017780637    0.004590170   -0.009636251    0.000000000
     0.000000000    0.024083091   -0.015436429    0.000000000    0.000000000
     0.024335101   -0.000002617    0.000073483    0.000510008    0.000000000
     0.000000000    0.000000000   -0.010221336   -0.017780637
     0.002377465   -0.000521701    0.000000000    0.000000000   -0.009615231
    -0.007384347    0.000000000    0.000000000   -0.013484761   -0.000553797
    -0.000561614   -0.001216790    0.000000000    0.000000000    0.000000000
    -0.000350431   -0.000946923    1.012244738   -0.032417073    0.000000000
     0.000000000   -0.002021953   -0.041173093    0.000000000    0.000000000
    -0.006567834   -0.009084192   -0.009081121   -0.007449082    0.000000000
     0.000000000    0.000000000   -0.000350431   -0.000946923
     0.019633736   -0.008032808    0.000000000    0.000000000   -0.102553313
    -0.155685224    0.000000000    0.000000000   -0.172213249   -0.013566524
    -0.013546741   -0.011888761    0.000000000    0.000000000    0.000000000
    -0.005410682   -0.012317668   -0.106857941    0.417745514    0.000000000
     0.000000000    0.400033401    0.680344638    0.000000000    0.000000000
     0.203877719   -0.009408346   -0.014005856   -0.042002685    0.000000000
     0.000000000    0.000000000   -0.005410682   -0.012317668
     0.000000000    0.000000000    0.000000000   -0.125089064    0.000000000
     0.000000000    0.000000000   -0.048689501    0.000000000    0.000000000
     0.000000000    0.000000000    0.000000000    0.000000000    0.000000000
     0.014061136   -0.003538699    0.000000000    0.000000000    0.000000000
     0.701464695    0.000000000    0.000000000    0.000000000    0.483110148
     0.000000000    0.000000000    0.000000000    0.000000000    0.000000000
     0.000000000   -0.045346158   -0.014061136    0.003538699
     0.074597211   -1.378790764    0.000000000    0.000000000   -0.628379026
     1.288334082    0.000000000    0.000000000    1.716469758    0.276229172
     0.280940396    0.384354347    0.000000000    0.000000000    0.000000000
    -0.004566001    0.113653969    0.078303191   -0.215249027    0.000000000
     0.000000000   -0.018175663   -1.294769064    0.000000000    0.000000000
     0.158053491    0.093501697    0.089374936    0.151779963    0.000000000
     0.000000000    0.000000000   -0.004566001    0.113653969
     0.000000000    0.000000000    0.000000000    0.060177739    0.000000000
     0.000000000    0.000000000    0.051693187    0.000000000    0.000000000
     0.000000000    0.000000000    0.000000000    0.000000000    1.276317387
     0.404886094   -0.139607880    0.000000000    0.000000000    0.000000000
    -0.069189561    0.000000000    0.000000000    0.000000000   -0.333343559
     0.000000000    0.000000000    0.000000000    0.000000000    0.000000000
     0.000000000    0.519274242   -0.404886094    0.139607880
     0.072810595   -2.187358997    0.000000000    0.000000000    0.496857947
     2.871659218    0.000000000    0.000000000   -1.261384286    0.400855730
     0.398040034    0.406519659    0.000000000    0.000000000    0.000000000
    -0.295339149   -0.987661128    0.000746329   -0.045760316    0.000000000
     0.000000000    0.081583858    0.023160218    0.000000000    0.000000000
     0.095973181   -0.018976391   -0.006995747   -0.016258787    0.000000000
     0.000000000    0.000000000   -0.295339149   -0.987661128
    -0.158774054    0.346139411    0.000000000    0.000000000   -0.736358434
    -0.380574179    0.000000000    0.000000000   -0.896161053    0.080141634
     0.005904365   -1.979470557    0.000000000    0.000000000    0.000000000
     0.033847432   -0.236040027   -0.051261705    0.066899544    0.000000000
     0.000000000   -0.543295993    1.745324555    0.000000000    0.000000000
    -0.974907777   -0.315084107   -0.296691872    0.685289853    0.000000000
     0.000000000    0.000000000    0.033847432   -0.236040027
    -0.432371505    2.269877879    0.000000000    0.000000000    0.074941074
     3.356444421    0.000000000    0.000000000    0.214073047   -1.823348841
    -1.811656313   -1.419991472    0.000000000    0.000000000    0.000000000
     0.110719730   -0.805933566    0.076544930    0.246788972    0.000000000
     0.000000000   -0.101597692   -1.732110628    0.000000000    0.000000000
     0.396597094    0.224744024    0.253308295    0.231653715    0.000000000
     0.000000000    0.000000000    0.110719730   -0.805933566
     0.000000000    0.000000000    0.000000000    0.000000000    0.000000000
     0.000000000    0.000000000    0.000000000    0.000000000    0.000000000
     0.000000000    0.000000000    1.007910296    0.000000000    0.000000000
     0.000000000    0.000000000    0.000000000    0.000000000    0.000000000
     0.000000000    0.000000000    0.000000000    0.000000000    0.000000000
     0.000000000    0.000000000    0.000000000    0.000000000   -0.126028427
     0.000000000    0.000000000    0.000000000    0.000000000
     0.000000000    0.000000000    0.081900551    0.000000000    0.000000000
     0.000000000    0.281215082    0.000000000    0.000000000    0.000000000
     0.000000000    0.000000000    0.000000000    1.185437525    0.000000000
     0.000000000    0.000000000    0.000000000    0.000000000   -0.025593352
     0.000000000    0.000000000    0.000000000   -0.475762859    0.000000000
     0.000000000    0.000000000    0.000000000    0.000000000    0.000000000
     0.548147445    0.000000000    0.000000000    0.000000000
     0.000000000    0.000000000    0.967248400    0.000000000    0.000000000
     0.000000000   -1.257424493    0.000000000    0.000000000    0.000000000
     0.000000000    0.000000000    0.000000000    0.002000214    0.000000000
     0.000000000    0.000000000    0.000000000    0.000000000    0.073782868
     0.000000000    0.000000000    0.000000000    0.236014347    0.000000000
     0.000000000    0.000000000    0.000000000    0.000000000    0.000000000
     0.012610762    0.000000000    0.000000000    0.000000000
     0.019783320    0.196786648    0.000000000    0.000000000   -0.011974489
    -0.798262138    0.000000000    0.000000000    0.237048829    0.902152526
    -0.996152405    0.054728149    0.000000000    0.000000000    0.000000000
     0.368305480    0.180078981   -0.018286783   -0.086547032    0.000000000
     0.000000000    0.047486666    0.309017935    0.000000000    0.000000000
    -0.138411084   -0.174040532    0.049731146   -0.059622004    0.000000000
     0.000000000    0.000000000    0.368305480    0.180078981
     0.000000000    0.000000000    0.000000000    0.806305971    0.000000000
     0.000000000    0.000000000   -2.798058446    0.000000000    0.000000000
     0.000000000    0.000000000    0.000000000    0.000000000   -0.011456709
     0.331006125    1.252798280    0.000000000    0.000000000    0.000000000
     0.128353164    0.000000000    0.000000000    0.000000000    0.615168990
     0.000000000    0.000000000    0.000000000    0.000000000    0.000000000
     0.000000000   -0.034335235   -0.331006125   -1.252798280
    -0.001028173   -0.334869844    0.000000000   -0.122045852    0.071314515
     1.102527654    0.000000000    0.959933875   -0.435260240    0.078034403
     0.078034403    0.078034403    0.000000000    0.000000000    0.000000000
     0.984971716   -2.436625835   -0.012448492   -0.023709076    0.000000000
     0.006600317    0.012505188    0.165870610    0.000000000   -0.147425352
    -0.019193107   -0.032188693   -0.019714435   -0.022049491    0.000000000
     0.000000000    0.009762787    0.019014384    0.282147420
     0.000000000    0.000000000    0.000000000   -0.062429345    0.000000000
     0.000000000    0.000000000   -1.309152143    0.000000000    0.000000000
     0.000000000    0.000000000    0.000000000    0.000000000    0.000000000
     0.202847012    0.552949203    0.000000000    0.000000000    0.000000000
    -0.936966794    0.000000000    0.000000000    0.000000000    1.521632605
     0.000000000    0.000000000    0.000000000    0.000000000    0.000000000
     0.000000000   -0.123722727   -0.202847012   -0.552949203
    -0.051333746    0.293203822    0.000000000    0.000000000   -0.063875537
    -2.121998123    0.000000000    0.000000000   -1.443528014   -0.156176424
    -0.156687306   -0.199503033    0.000000000    0.000000000    0.000000000
     0.074916183   -0.050726706   -0.150503928   -0.846174838    0.000000000
     0.000000000    0.577054769    3.877736698    0.000000000    0.000000000
    -1.874037039   -0.324057982   -0.101124078   -0.936318763    0.000000000
     0.000000000    0.000000000    0.074916183   -0.050726706
     0.000000000    0.000000000   -0.051092770    0.000000000    0.000000000
     0.000000000   -0.467072029    0.000000000    0.000000000    0.000000000
     0.000000000    0.000000000    0.000000000    0.000000000    0.000000000
     0.000000000    0.000000000    0.000000000    0.000000000   -0.915243813
     0.000000000    0.000000000    0.000000000    1.280770322    0.000000000
     0.000000000    0.000000000    0.000000000    0.000000000    0.000000000
    -0.028151723    0.000000000    0.000000000    0.000000000
    -0.026811013    0.128869896    0.000000000    0.000000000   -0.280749940
    -1.519004958    0.000000000    0.000000000   -1.347916113   -0.102592313
    -0.103925134   -0.215625652    0.000000000    0.000000000    0.000000000
     0.043321179   -0.115238011   -0.042793092   -1.546182192    0.000000000
     0.000000000   -0.512205587    4.009859092    0.000000000    0.000000000
    -0.495875692   -0.409435921   -0.407240440   -0.114333795    0.000000000
     0.000000000    0.000000000    0.043321179   -0.115238011
     0.006260939   -0.253497696    0.000000000    0.000000000   -0.353730423
     0.676133670    0.000000000    0.000000000    0.476082217    0.089371608
     0.085972928   -0.198862173    0.000000000    0.000000000    0.000000000
    -0.032229884    0.062334262    0.453451729   -0.134656452    0.000000000
     0.000000000   -0.073510490   -3.714723176    0.000000000    0.000000000
     0.112692383    1.493383007    1.503772664    1.762452822    0.000000000
     0.000000000    0.000000000   -0.032229884    0.062334262
     0.000000000    0.000000000    0.000000000    0.000000000    0.000000000
     0.000000000    0.000000000    0.000000000    0.000000000    0.000000000
     0.000000000    0.000000000    0.000000000    0.000000000    0.000000000
     0.000000000    0.000000000    0.000000000    0.000000000    0.000000000
     0.000000000    0.000000000    0.000000000    0.000000000    0.000000000
     0.000000000    0.000000000    0.000000000    0.000000000    1.000000000
     0.000000000    0.000000000    0.000000000    0.000000000
     0.000000000    0.000000000    0.222866234    0.000000000    0.000000000
     0.000000000    0.116356955    0.000000000    0.000000000    0.000000000
     0.000000000    0.000000000    0.000000000    0.000000000    0.000000000
     0.000000000    0.000000000    0.000000000    0.000000000    0.050430431
     0.000000000    0.000000000    0.000000000   -0.093013046    0.000000000
     0.000000000    0.000000000    0.000000000    0.000000000    0.000000000
     1.040266076    0.000000000    0.000000000    0.000000000
     0.000000000    0.000000000    0.000000000    0.222866942    0.000000000
     0.000000000    0.000000000    0.533555717    0.000000000    0.000000000
     0.000000000    0.000000000    0.000000000    0.000000000    0.000000000
    -0.139969683   -0.249607813    0.000000000    0.000000000    0.000000000
     0.001402389    0.000000000    0.000000000    0.000000000   -0.175713285
     0.000000000    0.000000000    0.000000000    0.000000000    0.000000000
     0.000000000    1.066452741    0.139969683    0.249607813
    -0.016827606    0.012880038    0.000000000    0.000000000   -0.098963313
    -0.536316207    0.000000000    0.000000000   -0.222446094   -0.041709663
    -0.041839255   -0.052700077    0.000000000    0.000000000    0.000000000
     0.018561480    0.058951233   -0.032043560   -0.175779431    0.000000000
     0.000000000    0.106343072    0.811348699    0.000000000    0.000000000
    -0.437490662    0.745502828   -0.967583156   -0.039165143    0.000000000
     0.000000000    0.000000000    0.018561480    0.058951233
    -0.128046741   -0.760334944    0.000000000    0.000000000   -0.964398526
    -1.835190546    0.000000000    0.000000000   -1.005971115   -0.171652060
    -0.172120325   -0.211364441    0.000000000    0.000000000    0.000000000
     0.092393897   -0.005040529   -0.193367034   -0.741770215    0.000000000
     0.000000000    0.368041624    4.011425390    0.000000000    0.000000000
    -2.250314598   -1.176416556   -1.029582953    0.804252727    0.000000000
     0.000000000    0.000000000    0.092393897   -0.005040529
    -0.001028173   -0.334869844    0.000000000    0.122045852    0.071314515
     1.102527654    0.000000000   -0.959933875   -0.435260240    0.078034403
     0.078034403    0.078034403    0.000000000    0.000000000    0.000000000
     0.019014384    0.282147420   -0.012448492   -0.023709076    0.000000000
    -0.006600317    0.012505188    0.165870610    0.000000000    0.147425352
    -0.019193107   -0.032188693   -0.019714435   -0.022049491    0.000000000
     0.000000000   -0.009762787    0.984971716   -2.436625835
     0.091863297   -0.405949229    0.000000000   -0.623410135    0.354918018
    -0.409676959    0.000000000   -0.244003250    0.170497928   -0.019357025
    -0.037997000   -0.021906797    0.000000000    0.000000000    0.020075587
     0.822193397    0.550206010   -0.005984957   -0.016930519    0.000000000
     0.084867649   -0.019765667    0.035168739    0.000000000    0.017549468
    -0.027343983   -0.008258556   -0.004128280   -0.012052008    0.000000000
     0.000000000    0.011909919   -0.012765915    0.055946630
     0.000000000    0.000000000    0.656175573    0.000000000    0.000000000
     0.000000000    0.382201280    0.000000000    0.000000000    0.000000000
     0.000000000    0.000000000    0.000000000    0.037504380    0.000000000
     0.000000000    0.000000000    0.000000000    0.000000000   -0.517987570
     0.000000000    0.000000000    0.000000000   -0.355768532    0.000000000
     0.000000000    0.000000000    0.000000000    0.000000000    0.000000000
     0.054131389    0.000000000    0.000000000    0.000000000
    -0.092388305    0.621564747    0.000000000    0.000000000    0.887868670
     0.331788855    0.000000000    0.000000000    0.272933303    0.001062362
    -0.004864322    0.053144414    0.000000000    0.000000000    0.000000000
     0.007215424   -0.022430751    0.091340343   -0.602302735    0.000000000
     0.000000000    0.650307121   -0.214940092    0.000000000    0.000000000
     0.435724681   -0.028563183   -0.023804231   -0.136567396    0.000000000
     0.000000000    0.000000000    0.007215424   -0.022430751
     0.091863297   -0.405949229    0.000000000    0.623410135    0.354918018
    -0.409676959    0.000000000    0.244003250    0.170497928   -0.019357025
    -0.037997000   -0.021906797    0.000000000    0.000000000   -0.020075587
    -0.012765915    0.055946630   -0.005984957   -0.016930519    0.000000000
    -0.084867649   -0.019765667    0.035168739    0.000000000   -0.017549468
    -0.027343983   -0.008258556   -0.004128280   -0.012052008    0.000000000
     0.000000000   -0.011909919    0.822193397    0.550206010
     1.995366324    2.000000000    1.999895143    1.995366324    1.999716932
     1.999825758    1.987790374    1.885649866    0.009095272    0.003072358
     0.000010713    0.000017203    0.000000000    0.000000000    0.000000000
     0.000000000    0.000002158    0.000000000    0.003442952    0.003792536
     0.000350860    0.000000000    0.000003137    0.000001124    0.000000000
     0.000000000    0.000000000    0.000002035    0.000007499    0.003442952
     0.056573051    0.000000000    0.000002374    0.056573051
   1  1  1  1  1  1  1  1  1  1  1  1  1  1  1  1  1  1  1  1
   1  1  1  1  1  1  1  1  1  1  1  1  1  1
   2  2  2  2  1  1  1  1 21 21 21 21 21 21 21 21 21 21 21 21
  21 21 21 21 21 21 21 21 21 21 22 22 22 22
 CR CR LP LP BD BD BD BD RY RY RY RY RY RY RY RY RY RY RY RY 
 RY RY RY RY RY RY RY RY RY RY BD BD BD BD 
                         *  *  *  *  *  *  *  *  *  *  *  *  
 *  *  *  *  *  *  *  *  *  *  *  *  *  *  
   1  1  1  2  1  1  2  1  1  2  3  4  5  6  7  8  9 10  1  1
   2  3  4  5  6  7  8  9 10  1  1  1  2  1
   1  3  3  3  1  1  1  1  1  1  1  1  1  1  1  1  1  1  2  3
   3  3  3  3  3  3  3  3  3  4  1  1  1  1
   0  0  0  0  2  3  3  4  0  0  0  0  0  0  0  0  0  0  0  0
   0  0  0  0  0  0  0  0  0  0  2  3  3  4
   0  0  0  0  0  0  0  0  0  0  0  0  0  0  0  0  0  0  0  0
   0  0  0  0  0  0  0  0  0  0  0  0  0  0
   5  6  7  8  1  2  3  4  9 10 11 12 13 14 15 16 17 18 19 20
  21 22 23 24 25 26 27 28 29 30 31 32 33 34
   6  1  8  1
