18
 0.00000000    3.64174758   -0.00000000
 1.24183385    3.41191036   -0.00000000
 2.34087029    2.78974047   -0.00000000
 3.14443370    1.81543953    0.00000000
 3.58642136    0.63238274    0.00000000
 3.57571807   -0.63049568   -0.00000000
 3.15384601   -1.82087396   -0.00000000
 2.33388421   -2.78141501    0.00000000
 1.24555107   -3.42212354    0.00000000
 0.00000000   -3.63087939   -0.00000000
-1.24555107   -3.42212354   -0.00000000
-2.33388421   -2.78141501    0.00000000
-3.15384601   -1.82087396    0.00000000
-3.57571807   -0.63049568   -0.00000000
-3.58642136    0.63238274   -0.00000000
-3.14443370    1.81543953    0.00000000
-2.34087029    2.78974047    0.00000000
-1.24183385    3.41191036   -0.00000000