           1
           5
           3
           8
           2
           1
           1
           1
           3
           5           5           5           5           5           5
           5           5           5           5
           0
           0
          50
           2
           3
           0
          55
           0
         -15
  0.500000000000000     
           1
           1
           1
           1
           1
           0
           1
           0
  6.324040266767956E-322
           0
           3
           1
  0.000000000000000E+000
           2
           2
   1.00000000000000     
           4
  0.666666666666667     
   120.000000000000     
   280.000000000000     
   20.0000000000000     
  -100.000000000000     
   110.000000000000     
   20.0000000000000     
  -63.2226324155597     
   69.5448956571157     
   12.6445264831119     
png 
