 b3lyp/6-31g(d) opted for neutral state                                         
 NBOs in the AO basis:                                                          
 -------------------------------------------------------------------------------
    -0.048860183    0.231823472    0.324481232    0.191806703    0.000000000
     0.217383273    0.072614988    0.063166456    0.000000000    0.015533565
    -0.001513789   -0.009403741    0.016504758    0.000000000    0.000000000
     0.332748028    0.250813320   -0.043126486   -0.073576397    0.012426735
    -0.011491855   -0.070334178   -0.068703521    0.000000000   -0.090292960
     0.080226968   -0.061566988    0.000000000   -0.003806018   -0.000905703
    -0.002611947    0.002602879    0.000000000    0.000000000   -0.017770915
    -0.044566566   -0.001188681   -0.014007456   -0.012642805    0.017900602
     0.000000000    0.091139995    0.025059790   -0.008144830    0.000000000
     0.000575436    0.001811608    0.001301183   -0.000005507    0.000000000
     0.000000000    0.002331961    0.002760092    0.001174212    0.000818709
    -0.002045434   -0.007196215    0.000000000   -0.040604655   -0.011743760
    -0.015330102    0.000000000   -0.000722640   -0.000951326   -0.000706035
     0.000008202    0.000000000    0.000000000   -0.001147226   -0.001948432
     0.000072652    0.006567387
     0.048303808   -0.227509825    0.324247528   -0.191122653    0.000000000
    -0.246317313    0.066860856   -0.040565319    0.000000000   -0.015942145
     0.001280790    0.009383171    0.016547445    0.000000000    0.000000000
     0.042823127    0.072245520   -0.333832596   -0.261416307   -0.011156749
     0.027107799   -0.071208482    0.063505978    0.000000000    0.029294298
     0.097272668    0.131531491    0.000000000    0.003960143    0.001199784
     0.003133863    0.002465415    0.000000000    0.000000000    0.002692684
    -0.025516005   -0.002537833   -0.006411426    0.012243297    0.012534667
     0.000000000    0.125286424    0.049466299    0.012227492    0.000000000
     0.002817127    0.003057106    0.002708787   -0.000006483    0.000000000
     0.000000000    0.012079489    0.002857511   -0.000288695    0.002368864
     0.004145645   -0.000344481    0.000000000   -0.027402706   -0.009674042
    -0.005714449    0.000000000   -0.000416670   -0.000324366   -0.000513083
    -0.000033620    0.000000000    0.000000000    0.001263824    0.000406723
     0.003374992    0.010819830
    -0.053449627    0.285856908   -0.000553715   -0.332101436    0.000000000
     0.262217895    0.003670388   -0.111435567    0.000000000   -0.010362098
     0.012191814   -0.012111388    0.000508742    0.000000000    0.000000000
    -0.041395949   -0.061370626   -0.035410955   -0.062395439   -0.052353277
     0.289729773   -0.001433808    0.329504874    0.000000000    0.121539727
     0.043943084   -0.006513120    0.000000000   -0.010816955    0.009607101
    -0.011082596   -0.001687874    0.000000000    0.000000000   -0.054347957
    -0.080960526    0.009844973   -0.022558918   -0.028288890   -0.072625475
     0.000000000   -0.068401760   -0.088213087    0.118283392    0.000000000
    -0.002526911   -0.001622278   -0.002856122    0.001951866    0.000000000
     0.000000000   -0.028153633   -0.052372380   -0.000772749    0.000736748
     0.019548693    0.006154258    0.000000000    0.111436876   -0.014609240
     0.029506373    0.000000000    0.002604541    0.002188514    0.002815027
     0.000445134    0.000000000    0.000000000   -0.009404131   -0.015287840
     0.001768977    0.000989941
     0.000000000    0.000000000    0.000000000    0.000000000    0.403884656
     0.000000000    0.000000000    0.000000000    0.297870090    0.000000000
     0.000000000    0.000000000    0.000000000   -0.000109622   -0.016296750
     0.000000000    0.000000000    0.000000000    0.000000000    0.000000000
     0.000000000    0.000000000    0.000000000    0.420717881    0.000000000
     0.000000000    0.000000000    0.272750113    0.000000000    0.000000000
     0.000000000    0.000000000   -0.003091785    0.015255782    0.000000000
     0.000000000    0.000000000    0.000000000    0.000000000    0.000000000
    -0.062470926    0.000000000    0.000000000    0.000000000   -0.043676915
     0.000000000    0.000000000    0.000000000    0.000000000    0.001002234
     0.000205464    0.000000000    0.000000000    0.000000000    0.000000000
     0.000000000    0.000000000    0.005824125    0.000000000    0.000000000
     0.000000000    0.001236472    0.000000000    0.000000000    0.000000000
     0.000000000   -0.000027161   -0.000106713    0.000000000    0.000000000
     0.000000000    0.000000000
     0.012183977   -0.025789499   -0.056191340    0.068159654    0.000000000
    -0.118104292    0.051370425    0.095088573    0.000000000   -0.004847798
    -0.001844262   -0.003807038   -0.002731319    0.000000000    0.000000000
    -0.016823427   -0.033583914   -0.000671805    0.022999401   -0.047497002
     0.217573855    0.345258234   -0.185490491    0.000000000    0.290727380
     0.014987937   -0.004524515    0.000000000    0.017454882    0.000057441
    -0.007860687   -0.016936413    0.000000000    0.000000000    0.341757985
     0.290282774    0.009456113   -0.021303102   -0.078785547    0.011717801
     0.000000000   -0.063471692   -0.047710556   -0.134507291    0.000000000
    -0.000335553   -0.004184297   -0.003221448    0.001027577    0.000000000
     0.000000000    0.002522436    0.029559695    0.001959908   -0.006153537
    -0.003145478   -0.017592246    0.000000000   -0.084629355    0.009434238
    -0.024688305    0.000000000   -0.002486215   -0.002397636   -0.002028015
    -0.000120494    0.000000000    0.000000000    0.002118843    0.006207429
    -0.011473927   -0.001272851
     0.011526388   -0.028384181    0.047820916    0.063382055    0.000000000
    -0.086443699   -0.090720632    0.082517307    0.000000000   -0.004116572
    -0.001403671   -0.003175103    0.001680847    0.000000000    0.000000000
     0.008369284    0.033900466   -0.023576610   -0.045582719   -0.046051230
     0.260562502   -0.294347306   -0.192507709    0.000000000    0.261077575
    -0.038718435   -0.016832033    0.000000000    0.009545831   -0.001033935
    -0.008038851    0.011423754    0.000000000    0.000000000   -0.042276001
    -0.072990321   -0.046051230    0.260562502    0.294347306    0.192507709
     0.000000000    0.261077575    0.038718435    0.016832033    0.000000000
     0.009545831   -0.001033935   -0.008038851    0.011423754    0.000000000
     0.000000000   -0.042276001   -0.072990321    0.011526388   -0.028384181
    -0.047820916   -0.063382055    0.000000000   -0.086443699    0.090720632
    -0.082517307    0.000000000   -0.004116572   -0.001403671   -0.003175103
     0.001680847    0.000000000    0.000000000    0.008369284    0.033900466
    -0.023576610   -0.045582719
    -0.001959908    0.006153537   -0.003145478   -0.017592246    0.000000000
     0.084629355    0.009434238   -0.024688305    0.000000000    0.002486215
     0.002397636    0.002028015    0.000120494    0.000000000    0.000000000
    -0.002118843   -0.006207429    0.011473927    0.001272851   -0.009456113
     0.021303102   -0.078785547    0.011717801    0.000000000    0.063471692
    -0.047710556   -0.134507291    0.000000000    0.000335553    0.004184297
     0.003221448   -0.001027577    0.000000000    0.000000000   -0.002522436
    -0.029559695    0.047497002   -0.217573855    0.345258234   -0.185490491
     0.000000000   -0.290727380    0.014987937   -0.004524515    0.000000000
    -0.017454882   -0.000057441    0.007860687    0.016936413    0.000000000
     0.000000000   -0.341757985   -0.290282774   -0.012183977    0.025789499
    -0.056191340    0.068159654    0.000000000    0.118104292    0.051370425
     0.095088573    0.000000000    0.004847798    0.001844262    0.003807038
     0.002731319    0.000000000    0.000000000    0.016823427    0.033583914
     0.000671805   -0.022999401
    -0.000772749    0.000736748   -0.019548693   -0.006154258    0.000000000
     0.111436876    0.014609240   -0.029506373    0.000000000    0.002604541
     0.002188514    0.002815027    0.000445134    0.000000000    0.000000000
    -0.009404131   -0.015287840    0.001768977    0.000989941    0.009844973
    -0.022558918    0.028288890    0.072625475    0.000000000   -0.068401760
     0.088213087   -0.118283392    0.000000000   -0.002526911   -0.001622278
    -0.002856122    0.001951866    0.000000000    0.000000000   -0.028153633
    -0.052372380   -0.052353277    0.289729773    0.001433808   -0.329504874
     0.000000000    0.121539727   -0.043943084    0.006513120    0.000000000
    -0.010816955    0.009607101   -0.011082596   -0.001687874    0.000000000
     0.000000000   -0.054347957   -0.080960526   -0.053449627    0.285856908
     0.000553715    0.332101436    0.000000000    0.262217895   -0.003670388
     0.111435567    0.000000000   -0.010362098    0.012191814   -0.012111388
     0.000508742    0.000000000    0.000000000   -0.041395949   -0.061370626
    -0.035410955   -0.062395439
     0.000000000    0.000000000    0.000000000    0.000000000    0.005824125
     0.000000000    0.000000000    0.000000000    0.001236472    0.000000000
     0.000000000    0.000000000    0.000000000    0.000027161    0.000106713
     0.000000000    0.000000000    0.000000000    0.000000000    0.000000000
     0.000000000    0.000000000    0.000000000   -0.062470926    0.000000000
     0.000000000    0.000000000   -0.043676915    0.000000000    0.000000000
     0.000000000    0.000000000   -0.001002234   -0.000205464    0.000000000
     0.000000000    0.000000000    0.000000000    0.000000000    0.000000000
     0.420717881    0.000000000    0.000000000    0.000000000    0.272750113
     0.000000000    0.000000000    0.000000000    0.000000000    0.003091785
    -0.015255782    0.000000000    0.000000000    0.000000000    0.000000000
     0.000000000    0.000000000    0.403884656    0.000000000    0.000000000
     0.000000000    0.297870090    0.000000000    0.000000000    0.000000000
     0.000000000    0.000109622    0.016296750    0.000000000    0.000000000
     0.000000000    0.000000000
    -0.001174212   -0.000818709   -0.002045434   -0.007196215    0.000000000
     0.040604655   -0.011743760   -0.015330102    0.000000000    0.000722640
     0.000951326    0.000706035   -0.000008202    0.000000000    0.000000000
     0.001147226    0.001948432   -0.000072652   -0.006567387    0.001188681
     0.014007456   -0.012642805    0.017900602    0.000000000   -0.091139995
     0.025059790   -0.008144830    0.000000000   -0.000575436   -0.001811608
    -0.001301183    0.000005507    0.000000000    0.000000000   -0.002331961
    -0.002760092   -0.012426735    0.011491855   -0.070334178   -0.068703521
     0.000000000    0.090292960    0.080226968   -0.061566988    0.000000000
     0.003806018    0.000905703    0.002611947   -0.002602879    0.000000000
     0.000000000    0.017770915    0.044566566    0.048860183   -0.231823472
     0.324481232    0.191806703    0.000000000   -0.217383273    0.072614988
     0.063166456    0.000000000   -0.015533565    0.001513789    0.009403741
    -0.016504758    0.000000000    0.000000000   -0.332748028   -0.250813320
     0.043126486    0.073576397
     0.000288695   -0.002368864    0.004145645   -0.000344481    0.000000000
     0.027402706   -0.009674042   -0.005714449    0.000000000    0.000416670
     0.000324366    0.000513083    0.000033620    0.000000000    0.000000000
    -0.001263824   -0.000406723   -0.003374992   -0.010819830    0.002537833
     0.006411426    0.012243297    0.012534667    0.000000000   -0.125286424
     0.049466299    0.012227492    0.000000000   -0.002817127   -0.003057106
    -0.002708787    0.000006483    0.000000000    0.000000000   -0.012079489
    -0.002857511    0.011156749   -0.027107799   -0.071208482    0.063505978
     0.000000000   -0.029294298    0.097272668    0.131531491    0.000000000
    -0.003960143   -0.001199784   -0.003133863   -0.002465415    0.000000000
     0.000000000   -0.002692684    0.025516005   -0.048303808    0.227509825
     0.324247528   -0.191122653    0.000000000    0.246317313    0.066860856
    -0.040565319    0.000000000    0.015942145   -0.001280790   -0.009383171
    -0.016547445    0.000000000    0.000000000   -0.042823127   -0.072245520
     0.333832596    0.261416307
     1.009384520   -0.001602423    0.000149197   -0.008639049    0.000000000
     0.014079175    0.000455448   -0.023375354    0.000000000   -0.007918715
    -0.007731964   -0.007963381   -0.000005134    0.000000000    0.000000000
    -0.007461294   -0.013833206   -0.007206244   -0.013709627    0.004689256
    -0.000255641    0.000463121   -0.023064108    0.000000000   -0.047180324
     0.004107933   -0.061789830    0.000000000   -0.001733739   -0.002148456
    -0.001728597   -0.000010020    0.000000000    0.000000000   -0.002575919
    -0.006704357   -0.000294850   -0.000844690   -0.003493097    0.005140617
     0.000000000   -0.004881901   -0.009993550    0.012649616    0.000000000
    -0.000181472   -0.000220154   -0.000247416    0.000009711    0.000000000
     0.000000000   -0.001999142   -0.004475714    0.000431336    0.001686723
    -0.000590386    0.000343375    0.000000000    0.005092725   -0.003257154
    -0.000967179    0.000000000    0.000253803    0.000263939    0.000247017
     0.000001489    0.000000000    0.000000000   -0.001001492   -0.002258377
    -0.000064335   -0.000842542
     0.004510955   -0.002167013    0.000333497    0.022055876    0.000000000
    -0.044383771    0.004099947    0.042951196    0.000000000   -0.001457243
    -0.001927583   -0.001447766    0.000032453    0.000000000    0.000000000
    -0.001395464   -0.003438633   -0.000397439   -0.000653972    1.009429000
    -0.007126743   -0.002216412    0.004632758    0.000000000    0.032389301
    -0.018264645    0.015033621    0.000000000   -0.007094026   -0.006914239
    -0.007153147    0.000051418    0.000000000    0.000000000   -0.006364656
    -0.010168605    0.003027793    0.002863549   -0.012288429   -0.008708779
     0.000000000   -0.030589246   -0.036749559   -0.026141146    0.000000000
    -0.001240571   -0.001049392   -0.000916826   -0.000235835    0.000000000
     0.000000000   -0.000425208   -0.002222134   -0.000474500   -0.001232094
     0.005731506   -0.000138438    0.000000000   -0.004966235    0.015593787
    -0.001606120    0.000000000   -0.000182231   -0.000163213   -0.000234199
    -0.000025800    0.000000000    0.000000000    0.002043460    0.003352227
    -0.001897274   -0.003932305
    -0.000474500   -0.001232094   -0.005731506    0.000138438    0.000000000
    -0.004966235   -0.015593787    0.001606120    0.000000000   -0.000182231
    -0.000163213   -0.000234199   -0.000025800    0.000000000    0.000000000
     0.002043460    0.003352227   -0.001897274   -0.003932305    0.003027793
     0.002863549    0.012288429    0.008708779    0.000000000   -0.030589246
     0.036749559    0.026141146    0.000000000   -0.001240571   -0.001049392
    -0.000916826   -0.000235835    0.000000000    0.000000000   -0.000425208
    -0.002222134    1.009429000   -0.007126743    0.002216412   -0.004632758
     0.000000000    0.032389301    0.018264645   -0.015033621    0.000000000
    -0.007094026   -0.006914239   -0.007153147    0.000051418    0.000000000
     0.000000000   -0.006364656   -0.010168605    0.004510955   -0.002167013
    -0.000333497   -0.022055876    0.000000000   -0.044383771   -0.004099947
    -0.042951196    0.000000000   -0.001457243   -0.001927583   -0.001447766
     0.000032453    0.000000000    0.000000000   -0.001395464   -0.003438633
    -0.000397439   -0.000653972
     0.000431336    0.001686723    0.000590386   -0.000343375    0.000000000
     0.005092725    0.003257154    0.000967179    0.000000000    0.000253803
     0.000263939    0.000247017    0.000001489    0.000000000    0.000000000
    -0.001001492   -0.002258377   -0.000064335   -0.000842542   -0.000294850
    -0.000844690    0.003493097   -0.005140617    0.000000000   -0.004881901
     0.009993550   -0.012649616    0.000000000   -0.000181472   -0.000220154
    -0.000247416    0.000009711    0.000000000    0.000000000   -0.001999142
    -0.004475714    0.004689256   -0.000255641   -0.000463121    0.023064108
     0.000000000   -0.047180324   -0.004107933    0.061789830    0.000000000
    -0.001733739   -0.002148456   -0.001728597   -0.000010020    0.000000000
     0.000000000   -0.002575919   -0.006704357    1.009384520   -0.001602423
    -0.000149197    0.008639049    0.000000000    0.014079175   -0.000455448
     0.023375354    0.000000000   -0.007918715   -0.007731964   -0.007963381
    -0.000005134    0.000000000    0.000000000   -0.007461294   -0.013833206
    -0.007206244   -0.013709627
    -0.006255568   -0.131285222    0.844309963    0.080359183    0.000000000
     0.238581145   -3.909794231   -0.246686678    0.000000000    0.003556246
    -0.024555905    0.001378820   -0.331848075    0.000000000    0.000000000
     0.604148458    1.593345905   -0.597372667   -1.567731011    0.008211026
     0.116312808   -0.015405036    0.014346868    0.000000000   -0.653876460
     2.259224742    0.225078213    0.000000000   -0.011032250   -0.005872782
    -0.014943207   -0.050814111    0.000000000    0.000000000   -0.254185358
    -0.626056833    0.007210414    0.032168088    0.082269387    0.102248130
     0.000000000    1.449107237    0.530744752   -0.181243796    0.000000000
     0.058498185    0.043765214    0.052604005   -0.000049663    0.000000000
     0.000000000    0.019568377    0.034540185    0.003645723    0.000343006
    -0.007558819   -0.057981284    0.000000000   -0.499413626   -0.155477860
    -0.191593941    0.000000000   -0.012160646   -0.010653173   -0.011566788
     0.000286967    0.000000000    0.000000000   -0.006841184   -0.035165307
     0.025343482    0.079094012
     0.014836003   -1.274914710   -0.104932435    0.625860499    0.000000000
     3.765944605    0.471083600   -3.399127213    0.000000000    0.294050320
     0.251630537    0.223540941   -0.077021999    0.000000000    0.000000000
    -0.047931060    0.178683080    0.007811524    0.586153139    0.015961723
     0.250833089   -0.040347661   -0.018073500    0.000000000   -3.165553337
    -0.337696000   -2.595119921    0.000000000   -0.080399490   -0.093418584
    -0.078311723   -0.012085059    0.000000000    0.000000000    0.011135835
    -0.239141952    0.010770134    0.062538343    0.006014261   -0.010253540
     0.000000000   -0.363422213   -0.629993948   -0.035264258    0.000000000
     0.000269357   -0.003822978   -0.003429979    0.000501261    0.000000000
     0.000000000   -0.029580038   -0.320498160    0.010392669    0.048247522
     0.029208183    0.009426074    0.000000000   -0.069120873   -0.061186798
    -0.200788746    0.000000000    0.002336108    0.002781401    0.002273133
     0.000200125    0.000000000    0.000000000   -0.019537445   -0.104174737
     0.018361070   -0.081417423
     0.000000000    0.000000000    0.000000000    0.000000000    0.986795237
     0.000000000    0.000000000    0.000000000   -1.282628959    0.000000000
     0.000000000    0.000000000    0.000000000   -0.107234781   -0.205605140
     0.000000000    0.000000000    0.000000000    0.000000000    0.000000000
     0.000000000    0.000000000    0.000000000   -0.019091843    0.000000000
     0.000000000    0.000000000    0.431218537    0.000000000    0.000000000
     0.000000000    0.000000000    0.005368388   -0.037229324    0.000000000
     0.000000000    0.000000000    0.000000000    0.000000000    0.000000000
    -0.016597814    0.000000000    0.000000000    0.000000000   -0.053899359
     0.000000000    0.000000000    0.000000000    0.000000000    0.000958352
     0.001288474    0.000000000    0.000000000    0.000000000    0.000000000
     0.000000000    0.000000000    0.005367037    0.000000000    0.000000000
     0.000000000   -0.012834010    0.000000000    0.000000000    0.000000000
     0.000000000    0.000419528   -0.000238008    0.000000000    0.000000000
     0.000000000    0.000000000
    -0.488496739    2.303491963   -0.017955814    0.044899120    0.000000000
     4.491239424    0.034654765   -0.775140193    0.000000000   -1.805956884
    -1.870698047   -1.798288513    0.003835427    0.000000000    0.000000000
     0.061683984   -0.697743724    0.075198619   -0.666318639    0.024392691
     0.269557042   -0.018702669    0.240681733    0.000000000   -2.147374565
     0.085829078   -1.354495032    0.000000000    0.021829655    0.153324065
     0.020485985    0.003513105    0.000000000    0.000000000    0.011212192
    -0.108943869    0.003631485    0.031270361    0.009367368    0.013740770
     0.000000000    0.065865549   -0.118031042    0.113043049    0.000000000
    -0.011937330    0.000454525    0.008957830   -0.003063497    0.000000000
     0.000000000   -0.017074971   -0.075706373    0.005664284    0.032363585
     0.015805467    0.012209461    0.000000000   -0.021008415   -0.114221003
    -0.107232545    0.000000000    0.004248479    0.001020469    0.006378118
    -0.000462416    0.000000000    0.000000000   -0.014861448   -0.084685235
     0.022711627   -0.018791462
     0.057399907   -2.340344906   -0.022590031   -0.500616197    0.000000000
     4.356559693    0.029317009    0.376089101    0.000000000    0.403948542
     0.419775372    0.401429581    0.002759941    0.000000000    0.000000000
    -0.326415474   -0.948462342   -0.306082859   -0.929221669    0.024282541
     0.173141451   -0.015429497   -0.094398652    0.000000000   -1.380023894
     0.219329393   -1.152861491    0.000000000   -0.038521331   -0.070774845
    -0.038121070   -0.000293289    0.000000000    0.000000000   -0.018100265
    -0.153423845    0.000077690    0.009354884    0.007130438    0.010684269
     0.000000000   -0.024528026   -0.121837058    0.424472242    0.000000000
     0.004362662    0.001500608   -0.000686225    0.000752432    0.000000000
     0.000000000   -0.052975722   -0.095945503    0.004975059    0.029031690
     0.014435244    0.025159712    0.000000000    0.234580525   -0.124593480
     0.014203282    0.000000000    0.007327908    0.008098134    0.006801122
     0.000110654    0.000000000    0.000000000   -0.026932918   -0.077009246
     0.015558983   -0.002024326
    -0.000830086   -0.139546921    0.264945907    0.038473416    0.000000000
     0.693886368   -0.922587352   -0.405810171    0.000000000    0.021987941
     0.024003089    0.022874802    1.161175194    0.000000000    0.000000000
    -0.312833191    0.446626177    0.300509504   -0.458553133    0.014348672
     0.125618554    0.083488953    0.029603949    0.000000000   -1.028982653
     1.354385196   -0.339284760    0.000000000   -0.006239769   -0.002707063
     0.007228666    0.178040103    0.000000000    0.000000000   -0.105720667
    -0.585477956   -0.007489947   -0.053118477    0.010139952    0.028376526
     0.000000000    0.894506350    0.350832844    0.473180863    0.000000000
    -0.016802194    0.035111630    0.004747301   -0.000354005    0.000000000
     0.000000000   -0.039807599   -0.051049093    0.003447706    0.004790393
     0.008962596   -0.016257023    0.000000000    0.040836908   -0.200071712
     0.041918223    0.000000000    0.004718206   -0.000122396    0.001937027
    -0.000879876    0.000000000    0.000000000   -0.021348765   -0.049944651
     0.012655650    0.122090594
    -0.009487307   -0.179935511    0.006795664   -0.244813243    0.000000000
     1.263452535   -0.065282543   -1.397201209    0.000000000   -0.969085622
     1.251696442   -0.001814180   -0.005235892    0.000000000    0.000000000
     0.220535507    0.218073297    0.202840211    0.173794356   -0.019667125
    -0.042110055   -0.002237756   -0.548525719    0.000000000   -1.410047434
     0.126481228   -0.864295027    0.000000000   -0.047549452   -0.487948470
    -0.078351446   -0.006706623    0.000000000    0.000000000    0.015978628
    -0.151839400   -0.002880041   -0.029862773    0.015129555    0.014129528
     0.000000000    0.196776823   -0.019162633    0.039959487    0.000000000
     0.024904512    0.003989567   -0.001092941    0.008441427    0.000000000
     0.000000000    0.004957830   -0.104805496    0.005439154    0.034054479
     0.018372612    0.008051292    0.000000000   -0.115821808   -0.139313529
    -0.101461904    0.000000000    0.001536914   -0.001094246    0.012130731
    -0.002926180    0.000000000    0.000000000   -0.010318082   -0.074843604
     0.024332548    0.029379728
     0.040485807    0.346780630   -0.011267593    0.141474573    0.000000000
    -1.699763816    0.008797756    0.528019262    0.000000000   -0.551338544
    -0.717480967    1.095109198    0.000023685    0.000000000    0.000000000
     0.329709373    0.077338555    0.337085157    0.079585668    0.007847074
    -0.000103243   -0.008072479    0.297155466    0.000000000    0.739625362
     0.122168792    0.700303924    0.000000000    0.068231392    0.286217480
    -0.005481134    0.000973394    0.000000000    0.000000000   -0.048957797
     0.079782075   -0.003944729   -0.002033350   -0.023981929   -0.050305620
     0.000000000   -0.040332767    0.159976789    0.304320361    0.000000000
    -0.020231260   -0.038109833   -0.016797016   -0.009978266    0.000000000
     0.000000000   -0.016804611    0.024511420   -0.006441986   -0.048348957
    -0.009341612   -0.003725606    0.000000000    0.334934505    0.024345314
     0.223358870    0.000000000   -0.002766454    0.011004480   -0.013978876
    -0.000220136    0.000000000    0.000000000   -0.007550625    0.049063389
    -0.019339117    0.034523728
     0.000000000    0.000000000    0.000000000    0.000000000    0.111390829
     0.000000000    0.000000000    0.000000000   -0.142382221    0.000000000
     0.000000000    0.000000000    0.000000000    0.996566997   -0.000700963
     0.000000000    0.000000000    0.000000000    0.000000000    0.000000000
     0.000000000    0.000000000    0.000000000    0.004230120    0.000000000
     0.000000000    0.000000000    0.033630511    0.000000000    0.000000000
     0.000000000    0.000000000   -0.038286021   -0.000469680    0.000000000
     0.000000000    0.000000000    0.000000000    0.000000000    0.000000000
    -0.021144547    0.000000000    0.000000000    0.000000000    0.035729742
     0.000000000    0.000000000    0.000000000    0.000000000   -0.003413720
    -0.004759008    0.000000000    0.000000000    0.000000000    0.000000000
     0.000000000    0.000000000    0.003689427    0.000000000    0.000000000
     0.000000000   -0.021628179    0.000000000    0.000000000    0.000000000
     0.000000000    0.000354169   -0.002393131    0.000000000    0.000000000
     0.000000000    0.000000000
     0.000000000    0.000000000    0.000000000    0.000000000    0.213375661
     0.000000000    0.000000000    0.000000000   -0.451453178    0.000000000
     0.000000000    0.000000000    0.000000000   -0.021294295    1.061730585
     0.000000000    0.000000000    0.000000000    0.000000000    0.000000000
     0.000000000    0.000000000    0.000000000    0.105535801    0.000000000
     0.000000000    0.000000000    0.376184896    0.000000000    0.000000000
     0.000000000    0.000000000   -0.005627411    0.192447338    0.000000000
     0.000000000    0.000000000    0.000000000    0.000000000    0.000000000
     0.009647600    0.000000000    0.000000000    0.000000000   -0.127971901
     0.000000000    0.000000000    0.000000000    0.000000000   -0.002977888
    -0.003905983    0.000000000    0.000000000    0.000000000    0.000000000
     0.000000000    0.000000000    0.005675440    0.000000000    0.000000000
     0.000000000    0.020000207    0.000000000    0.000000000    0.000000000
     0.000000000   -0.002369879    0.002608986    0.000000000    0.000000000
     0.000000000    0.000000000
    -0.014702021   -0.231356888   -0.173260027   -0.067762285    0.000000000
     0.962057452    1.311459140    0.772402317    0.000000000    0.000650832
     0.000650832    0.000650832    0.000000000    0.000000000    0.000000000
     0.933364545   -2.738698370    0.058027288    0.299970094   -0.009214161
    -0.061516359    0.019392146    0.001983215    0.000000000    0.355637189
    -0.441034440    0.361426085    0.000000000    0.004433785    0.004433785
     0.004433785    0.000000000    0.000000000    0.000000000    0.038190558
     0.291898851   -0.004322239   -0.004697065   -0.004437877   -0.031376815
     0.000000000   -0.247897013    0.027001109    0.151030915    0.000000000
    -0.008038928   -0.008038928   -0.008038928    0.000000000    0.000000000
     0.000000000   -0.007881271    0.047607144   -0.002721600   -0.022664994
    -0.004393691    0.009875627    0.000000000    0.218944968    0.027644626
     0.106386109    0.000000000    0.002855102    0.002855102    0.002855102
     0.000000000    0.000000000    0.000000000   -0.000876201    0.018039641
    -0.005449909   -0.012626293
    -0.014450850   -0.227081929    0.156939407   -0.073828038    0.000000000
     0.961047485   -1.340079339    0.795464342    0.000000000    0.001011901
     0.001011901    0.001011901    0.000000000    0.000000000    0.000000000
     0.056013032    0.291000551    0.945299772   -2.784722054   -0.004303895
     0.003979151   -0.019595807    0.004170121    0.000000000   -0.019235823
     0.775629638    0.521331465    0.000000000   -0.000095941   -0.000095941
    -0.000095941    0.000000000    0.000000000    0.000000000   -0.041580464
    -0.130218033   -0.000858228   -0.033445797    0.006755818    0.000808532
     0.000000000    0.349248042    0.519760900    0.353619759    0.000000000
     0.007126440    0.007126440    0.007126440    0.000000000    0.000000000
     0.000000000   -0.011544066    0.303769935   -0.002626828   -0.010456205
    -0.006797208    0.006951574    0.000000000    0.187804205   -0.138337335
     0.123070436    0.000000000    0.003267160    0.003267160    0.003267160
     0.000000000    0.000000000    0.000000000   -0.014437158   -0.024152539
     0.008837287    0.082422876
     0.002855902    0.067936762   -0.123373229   -0.263191936    0.000000000
     2.797257566   -1.072623392   -1.190841832    0.000000000    0.069284028
     0.131708406    0.073497806   -0.036471945    0.000000000    0.000000000
     0.116273817    0.379394736   -0.166394042   -0.260104316    0.014797674
     0.128094354   -0.572853526    0.621748037    0.000000000   -1.542023880
     3.346910641   -3.777014720    0.000000000    0.059950259   -0.240329050
    -0.045558168   -0.249343736    0.000000000    0.000000000   -0.752090520
    -2.025368520    0.005504318    0.020440848    0.038523207    0.164015778
     0.000000000    0.455302407   -0.548549917    2.093370130    0.000000000
     0.074087427    0.016599391    0.017193382    0.019463325    0.000000000
     0.000000000   -0.264767861   -0.604492616    0.020835702    0.171485299
     0.033177205    0.124597084    0.000000000    1.003205277   -0.375709812
     0.217163554    0.000000000    0.036421538    0.036094395    0.041466837
    -0.003949985    0.000000000    0.000000000   -0.087939105   -0.200034739
     0.028285715    0.076112765
     0.008912754   -0.000987777   -0.110781928    0.150117238    0.000000000
    -2.209099402   -1.609019073    1.202380339    0.000000000   -0.051137224
    -0.082734578   -0.051560936   -0.034197431    0.000000000    0.000000000
     0.232448224    0.305217292   -0.215518578   -0.704886916    0.019008017
    -0.172543161   -0.615288653   -0.467267046    0.000000000    0.156471422
     3.548834574    3.365538421    0.000000000   -0.011962777    0.134896736
     0.049976237   -0.239151528    0.000000000    0.000000000   -0.291683343
    -0.738812548   -0.011158496   -0.117523497    0.133676280    0.131433696
     0.000000000    2.778105894    1.864881966    0.424440739    0.000000000
     0.120428524    0.095313687    0.077097456    0.034910524    0.000000000
     0.000000000    0.081492124    0.466748115   -0.015156316   -0.072811738
    -0.015394387   -0.052353024    0.000000000   -0.240090090   -0.194865206
     0.230134714    0.000000000   -0.011929565   -0.015563621   -0.012582502
     0.001795938    0.000000000    0.000000000    0.030351969    0.109133641
     0.017840841    0.309523231
     0.000000000    0.000000000    0.000000000    0.000000000   -0.133093975
     0.000000000    0.000000000    0.000000000   -0.347472012    0.000000000
     0.000000000    0.000000000    0.000000000   -0.015977517    0.139925677
     0.000000000    0.000000000    0.000000000    0.000000000    0.000000000
     0.000000000    0.000000000    0.000000000   -0.547927784    0.000000000
     0.000000000    0.000000000    0.859610055    0.000000000    0.000000000
     0.000000000    0.000000000    0.436880286    0.804430172    0.000000000
     0.000000000    0.000000000    0.000000000    0.000000000    0.000000000
     0.017489545    0.000000000    0.000000000    0.000000000   -0.107692822
     0.000000000    0.000000000    0.000000000    0.000000000    0.091434730
     0.045593966    0.000000000    0.000000000    0.000000000    0.000000000
     0.000000000    0.000000000    0.018395826    0.000000000    0.000000000
     0.000000000   -0.020861722    0.000000000    0.000000000    0.000000000
     0.000000000   -0.004877000   -0.004229423    0.000000000    0.000000000
     0.000000000    0.000000000
     0.031038467    0.101797099    0.062151501    0.065084978    0.000000000
    -1.961953043    0.576967916    0.954199628    0.000000000   -0.049974504
     0.049267725   -0.035904946   -0.000686111    0.000000000    0.000000000
    -0.043539337   -0.156235600    0.097676016    0.219569581    0.008576290
    -2.540654988    0.068075106   -0.046453946    0.000000000    6.000860697
    -1.782988263    0.185791351    0.000000000    0.748342330    0.043940991
     0.332731143   -0.000686418    0.000000000    0.000000000   -0.255218555
    -0.198756238    0.031143554    0.211107280   -0.133013777   -0.180378917
     0.000000000   -2.280070344   -1.444376640   -1.390741542    0.000000000
    -0.090189529   -0.122374890   -0.070227564   -0.053478597    0.000000000
     0.000000000    0.047668138   -0.027387323    0.004635817    0.004794352
     0.016802563    0.001079478    0.000000000   -0.383335211    0.500064390
    -0.263477302    0.000000000   -0.005827914    0.002548538   -0.000918749
    -0.011158034    0.000000000    0.000000000    0.057988890    0.066231163
    -0.061495593   -0.236304302
     0.013285897    0.082822056   -0.165701265   -0.324690918    0.000000000
     0.357553165   -0.271684461   -0.257313204    0.000000000    0.036177186
     0.264106424    0.035003577    0.149884321    0.000000000    0.000000000
     0.010699634    0.220027333   -0.058474823   -0.058339862   -0.149248732
     0.915543747   -0.245108217   -0.176311687    0.000000000    0.712047055
     0.152100514   -0.900369548    0.000000000   -0.203756465   -1.125586916
    -0.445301471    1.050523034    0.000000000    0.000000000    0.221258612
    -0.456881253    0.002010869    0.110143140   -0.187096894   -0.125791446
     0.000000000   -0.692066877   -0.599752350    0.135109738    0.000000000
    -0.180749989   -0.099203309   -0.022719482   -0.146306334    0.000000000
     0.000000000   -0.016843104   -0.196250374    0.000143667    0.001924233
    -0.005689292    0.052593174    0.000000000    0.281306204    0.176407728
     0.055573976    0.000000000    0.004498658    0.020460640    0.012933698
    -0.010408363    0.000000000    0.000000000    0.016976123    0.022954399
    -0.006614884   -0.122595992
     0.013178675    0.116524153    0.017192534    0.053847927    0.000000000
    -1.791358447    0.105493699    0.864972145    0.000000000    0.027893406
    -0.018036521   -0.025819097   -0.006440564    0.000000000    0.000000000
     0.011819722   -0.040741055    0.043334732    0.027627679   -0.303680092
     1.194856425    0.032045974    0.080961681    0.000000000    3.649118172
    -0.244030981    0.756451270    0.000000000   -1.983188204   -0.863077136
    -0.574192234   -0.082918933    0.000000000    0.000000000    0.288676994
    -0.454337423    0.019311048    0.081672618    0.202019883    0.133266650
     0.000000000   -1.081833809   -0.571039055   -0.112217985    0.000000000
     0.168363122    0.177384923    0.022499713    0.159421661    0.000000000
     0.000000000   -0.022905865   -0.087498892   -0.005384374   -0.032442912
    -0.004501431   -0.032309561    0.000000000    0.295432285    0.317068720
     0.206023401    0.000000000   -0.008777579   -0.032079651   -0.011662784
     0.019448242    0.000000000    0.000000000    0.016145043    0.134411057
    -0.062180964   -0.042201063
     0.000000000    0.000000000    0.000000000    0.000000000    0.042744417
     0.000000000    0.000000000    0.000000000    0.310249572    0.000000000
     0.000000000    0.000000000    0.000000000   -0.030511799   -0.005099614
     0.000000000    0.000000000    0.000000000    0.000000000    0.000000000
     0.000000000    0.000000000    0.000000000    0.630901061    0.000000000
     0.000000000    0.000000000   -1.102094760    0.000000000    0.000000000
     0.000000000    0.000000000    0.828553861    0.013505073    0.000000000
     0.000000000    0.000000000    0.000000000    0.000000000    0.000000000
     0.050275425    0.000000000    0.000000000    0.000000000    0.492907671
     0.000000000    0.000000000    0.000000000    0.000000000    0.074523881
     0.057998951    0.000000000    0.000000000    0.000000000    0.000000000
     0.000000000    0.000000000   -0.005090372    0.000000000    0.000000000
     0.000000000   -0.129163277    0.000000000    0.000000000    0.000000000
     0.000000000   -0.002722788   -0.002462662    0.000000000    0.000000000
     0.000000000    0.000000000
     0.000000000    0.000000000    0.000000000    0.000000000   -0.040043945
     0.000000000    0.000000000    0.000000000    0.099892923    0.000000000
     0.000000000    0.000000000    0.000000000    0.016571489    0.135165293
     0.000000000    0.000000000    0.000000000    0.000000000    0.000000000
     0.000000000    0.000000000    0.000000000    0.566137718    0.000000000
     0.000000000    0.000000000   -0.759982544    0.000000000    0.000000000
     0.000000000    0.000000000   -0.447209484    0.732985064    0.000000000
     0.000000000    0.000000000    0.000000000    0.000000000    0.000000000
     0.038064036    0.000000000    0.000000000    0.000000000    0.207767999
     0.000000000    0.000000000    0.000000000    0.000000000    0.008185928
    -0.017366399    0.000000000    0.000000000    0.000000000    0.000000000
     0.000000000    0.000000000   -0.027355749    0.000000000    0.000000000
     0.000000000   -0.008562726    0.000000000    0.000000000    0.000000000
     0.000000000   -0.001725538   -0.001392034    0.000000000    0.000000000
     0.000000000    0.000000000
     0.017628962    0.134196972    0.093446087   -0.470578505    0.000000000
    -0.422712692    0.321588077    0.073620479    0.000000000    0.036466712
     0.382058573    0.057225566   -0.094330035    0.000000000    0.000000000
    -0.029708501   -0.089510224    0.032179346    0.191762277   -0.291554075
     2.029993827    0.196715593   -0.271392901    0.000000000    0.759347118
    -0.586600242    0.165277453    0.000000000   -0.547394934   -1.961145448
    -1.166131344   -0.604266932    0.000000000    0.000000000   -0.133313842
     0.135189353   -0.004673755   -0.038636417    0.156365747    0.043294248
     0.000000000   -0.095017926    0.294011735   -0.746269301    0.000000000
     0.215509303    0.006583672    0.027140162    0.048369026    0.000000000
     0.000000000    0.080287579    0.330293528    0.008556224    0.063935075
    -0.000884120   -0.015159333    0.000000000   -0.645343776   -0.206798122
    -0.315744694    0.000000000   -0.016411916   -0.013594740    0.011593466
    -0.014196361    0.000000000    0.000000000    0.003398916   -0.105745006
     0.049010077    0.051860694
     0.003329766    0.107707645   -0.020759120    0.419176431    0.000000000
    -2.386502154    0.428894765    1.145938803    0.000000000   -0.056976565
    -0.317069772   -0.004396566    0.012918563    0.000000000    0.000000000
     0.048736304   -0.173515995    0.113272890    0.148382670   -0.259476967
     0.234099855   -0.010261178    0.116191356    0.000000000    5.403172663
    -1.282879672    0.819343816    0.000000000   -0.470360888    0.269740358
    -1.675048504    0.193292131    0.000000000    0.000000000   -0.138318763
    -0.078404767    0.024337463    0.243557870   -0.119930693   -0.070983312
     0.000000000   -1.989271046   -1.244708643   -0.932823823    0.000000000
    -0.152446313   -0.060902352    0.015219787   -0.059192664    0.000000000
     0.000000000    0.046269842   -0.098227165   -0.002150825   -0.014817841
    -0.009881389    0.036353469    0.000000000   -0.059304027    0.578460223
    -0.045710746    0.000000000    0.007516865    0.016734159    0.002060328
     0.014011779    0.000000000    0.000000000    0.055244313    0.152283754
    -0.066724235   -0.223828020
    -0.008252821   -0.036454761   -0.027652761   -0.051032081    0.000000000
     0.741827592   -0.572195856   -0.422222198    0.000000000    0.013313163
     0.013313163    0.013313163    0.000000000    0.000000000    0.000000000
     0.049240089    0.289836640   -0.055715096   -0.146039916   -0.005672127
    -0.179414449   -0.234407583    0.116072476    0.000000000    0.458527849
     2.042783066   -1.088526901    0.000000000   -0.005137558   -0.005137558
    -0.005137558    0.000000000    0.000000000    0.000000000    0.873804455
    -3.087366943   -0.007393923   -0.039767663    0.016482262    0.022461662
     0.000000000    0.351679028    0.117304332    1.021561613    0.000000000
     0.006621969    0.006621969    0.006621969    0.000000000    0.000000000
     0.000000000   -0.060880645   -0.168068962    0.001538845    0.003060327
    -0.008709373    0.032867515    0.000000000    0.458732924   -0.072058859
     0.407381591    0.000000000    0.010454114    0.010454114    0.010454114
     0.000000000    0.000000000    0.000000000    0.004918338    0.060731391
    -0.009747657    0.291757889
     0.020835702    0.171485299   -0.033177205   -0.124597084    0.000000000
     1.003205277    0.375709812   -0.217163554    0.000000000    0.036421538
     0.036094395    0.041466837   -0.003949985    0.000000000    0.000000000
    -0.087939105   -0.200034739    0.028285715    0.076112765    0.005504318
     0.020440848   -0.038523207   -0.164015778    0.000000000    0.455302407
     0.548549917   -2.093370130    0.000000000    0.074087427    0.016599391
     0.017193382    0.019463325    0.000000000    0.000000000   -0.264767861
    -0.604492616    0.014797674    0.128094354    0.572853526   -0.621748037
     0.000000000   -1.542023879   -3.346910641    3.777014720    0.000000000
     0.059950259   -0.240329050   -0.045558168   -0.249343736    0.000000000
     0.000000000   -0.752090520   -2.025368520    0.002855902    0.067936762
     0.123373229    0.263191936    0.000000000    2.797257566    1.072623392
     1.190841832    0.000000000    0.069284028    0.131708406    0.073497806
    -0.036471945    0.000000000    0.000000000    0.116273817    0.379394736
    -0.166394042   -0.260104316
    -0.015156316   -0.072811738    0.015394387    0.052353024    0.000000000
    -0.240090090    0.194865206   -0.230134714    0.000000000   -0.011929565
    -0.015563621   -0.012582502    0.001795938    0.000000000    0.000000000
     0.030351969    0.109133641    0.017840841    0.309523231   -0.011158496
    -0.117523497   -0.133676280   -0.131433696    0.000000000    2.778105894
    -1.864881966   -0.424440739    0.000000000    0.120428524    0.095313687
     0.077097456    0.034910524    0.000000000    0.000000000    0.081492124
     0.466748115    0.019008017   -0.172543161    0.615288653    0.467267046
     0.000000000    0.156471422   -3.548834574   -3.365538421    0.000000000
    -0.011962777    0.134896736    0.049976237   -0.239151528    0.000000000
     0.000000000   -0.291683343   -0.738812548    0.008912754   -0.000987777
     0.110781928   -0.150117238    0.000000000   -2.209099402    1.609019073
    -1.202380339    0.000000000   -0.051137224   -0.082734578   -0.051560936
    -0.034197431    0.000000000    0.000000000    0.232448224    0.305217292
    -0.215518578   -0.704886916
     0.000000000    0.000000000    0.000000000    0.000000000   -0.018395826
     0.000000000    0.000000000    0.000000000    0.020861722    0.000000000
     0.000000000    0.000000000    0.000000000   -0.004877000   -0.004229423
     0.000000000    0.000000000    0.000000000    0.000000000    0.000000000
     0.000000000    0.000000000    0.000000000   -0.017489545    0.000000000
     0.000000000    0.000000000    0.107692822    0.000000000    0.000000000
     0.000000000    0.000000000    0.091434730    0.045593966    0.000000000
     0.000000000    0.000000000    0.000000000    0.000000000    0.000000000
     0.547927784    0.000000000    0.000000000    0.000000000   -0.859610055
     0.000000000    0.000000000    0.000000000    0.000000000    0.436880286
     0.804430172    0.000000000    0.000000000    0.000000000    0.000000000
     0.000000000    0.000000000    0.133093975    0.000000000    0.000000000
     0.000000000    0.347472012    0.000000000    0.000000000    0.000000000
     0.000000000   -0.015977517    0.139925677    0.000000000    0.000000000
     0.000000000    0.000000000
     0.004635817    0.004794352   -0.016802563   -0.001079478    0.000000000
    -0.383335211   -0.500064390    0.263477302    0.000000000   -0.005827914
     0.002548538   -0.000918749   -0.011158034    0.000000000    0.000000000
     0.057988890    0.066231163   -0.061495593   -0.236304302    0.031143554
     0.211107280    0.133013777    0.180378917    0.000000000   -2.280070344
     1.444376640    1.390741542    0.000000000   -0.090189529   -0.122374890
    -0.070227564   -0.053478597    0.000000000    0.000000000    0.047668138
    -0.027387323    0.008576290   -2.540654988   -0.068075106    0.046453946
     0.000000000    6.000860696    1.782988263   -0.185791351    0.000000000
     0.748342330    0.043940991    0.332731143   -0.000686418    0.000000000
     0.000000000   -0.255218555   -0.198756238    0.031038467    0.101797099
    -0.062151501   -0.065084978    0.000000000   -1.961953042   -0.576967916
    -0.954199627    0.000000000   -0.049974504    0.049267725   -0.035904946
    -0.000686111    0.000000000    0.000000000   -0.043539337   -0.156235600
     0.097676016    0.219569581
     0.000143667    0.001924233    0.005689292   -0.052593174    0.000000000
     0.281306204   -0.176407728   -0.055573976    0.000000000    0.004498658
     0.020460640    0.012933698   -0.010408363    0.000000000    0.000000000
     0.016976123    0.022954399   -0.006614884   -0.122595992    0.002010869
     0.110143140    0.187096894    0.125791446    0.000000000   -0.692066877
     0.599752350   -0.135109738    0.000000000   -0.180749989   -0.099203309
    -0.022719482   -0.146306334    0.000000000    0.000000000   -0.016843104
    -0.196250374   -0.149248732    0.915543748    0.245108217    0.176311687
     0.000000000    0.712047055   -0.152100514    0.900369548    0.000000000
    -0.203756465   -1.125586916   -0.445301472    1.050523034    0.000000000
     0.000000000    0.221258612   -0.456881253    0.013285897    0.082822056
     0.165701265    0.324690918    0.000000000    0.357553165    0.271684461
     0.257313204    0.000000000    0.036177186    0.264106424    0.035003577
     0.149884321    0.000000000    0.000000000    0.010699634    0.220027333
    -0.058474823   -0.058339862
    -0.005384374   -0.032442912    0.004501431    0.032309561    0.000000000
     0.295432285   -0.317068720   -0.206023401    0.000000000   -0.008777579
    -0.032079651   -0.011662784    0.019448242    0.000000000    0.000000000
     0.016145043    0.134411056   -0.062180964   -0.042201063    0.019311048
     0.081672618   -0.202019883   -0.133266650    0.000000000   -1.081833809
     0.571039055    0.112217985    0.000000000    0.168363122    0.177384923
     0.022499713    0.159421661    0.000000000    0.000000000   -0.022905865
    -0.087498892   -0.303680092    1.194856425   -0.032045974   -0.080961681
     0.000000000    3.649118171    0.244030981   -0.756451270    0.000000000
    -1.983188204   -0.863077136   -0.574192234   -0.082918933    0.000000000
     0.000000000    0.288676994   -0.454337423    0.013178675    0.116524153
    -0.017192534   -0.053847927    0.000000000   -1.791358447   -0.105493699
    -0.864972145    0.000000000    0.027893406   -0.018036521   -0.025819097
    -0.006440564    0.000000000    0.000000000    0.011819722   -0.040741054
     0.043334732    0.027627679
     0.000000000    0.000000000    0.000000000    0.000000000    0.005090372
     0.000000000    0.000000000    0.000000000    0.129163277    0.000000000
     0.000000000    0.000000000    0.000000000   -0.002722788   -0.002462662
     0.000000000    0.000000000    0.000000000    0.000000000    0.000000000
     0.000000000    0.000000000    0.000000000   -0.050275425    0.000000000
     0.000000000    0.000000000   -0.492907671    0.000000000    0.000000000
     0.000000000    0.000000000    0.074523881    0.057998951    0.000000000
     0.000000000    0.000000000    0.000000000    0.000000000    0.000000000
    -0.630901061    0.000000000    0.000000000    0.000000000    1.102094760
     0.000000000    0.000000000    0.000000000    0.000000000    0.828553861
     0.013505073    0.000000000    0.000000000    0.000000000    0.000000000
     0.000000000    0.000000000   -0.042744417    0.000000000    0.000000000
     0.000000000   -0.310249572    0.000000000    0.000000000    0.000000000
     0.000000000   -0.030511799   -0.005099614    0.000000000    0.000000000
     0.000000000    0.000000000
     0.000000000    0.000000000    0.000000000    0.000000000   -0.027355749
     0.000000000    0.000000000    0.000000000   -0.008562726    0.000000000
     0.000000000    0.000000000    0.000000000    0.001725538    0.001392034
     0.000000000    0.000000000    0.000000000    0.000000000    0.000000000
     0.000000000    0.000000000    0.000000000    0.038064036    0.000000000
     0.000000000    0.000000000    0.207767999    0.000000000    0.000000000
     0.000000000    0.000000000   -0.008185928    0.017366399    0.000000000
     0.000000000    0.000000000    0.000000000    0.000000000    0.000000000
     0.566137718    0.000000000    0.000000000    0.000000000   -0.759982544
     0.000000000    0.000000000    0.000000000    0.000000000    0.447209484
    -0.732985064    0.000000000    0.000000000    0.000000000    0.000000000
     0.000000000    0.000000000   -0.040043945    0.000000000    0.000000000
     0.000000000    0.099892923    0.000000000    0.000000000    0.000000000
     0.000000000   -0.016571489   -0.135165293    0.000000000    0.000000000
     0.000000000    0.000000000
     0.008556224    0.063935075    0.000884120    0.015159333    0.000000000
    -0.645343776    0.206798122    0.315744694    0.000000000   -0.016411916
    -0.013594740    0.011593466   -0.014196361    0.000000000    0.000000000
     0.003398916   -0.105745006    0.049010077    0.051860694   -0.004673755
    -0.038636417   -0.156365747   -0.043294248    0.000000000   -0.095017926
    -0.294011735    0.746269300    0.000000000    0.215509303    0.006583672
     0.027140162    0.048369026    0.000000000    0.000000000    0.080287579
     0.330293528   -0.291554075    2.029993827   -0.196715593    0.271392901
     0.000000000    0.759347116    0.586600242   -0.165277453    0.000000000
    -0.547394933   -1.961145448   -1.166131343   -0.604266932    0.000000000
     0.000000000   -0.133313842    0.135189353    0.017628962    0.134196972
    -0.093446087    0.470578505    0.000000000   -0.422712691   -0.321588077
    -0.073620479    0.000000000    0.036466712    0.382058573    0.057225566
    -0.094330035    0.000000000    0.000000000   -0.029708501   -0.089510224
     0.032179346    0.191762277
    -0.002150825   -0.014817841    0.009881389   -0.036353469    0.000000000
    -0.059304027   -0.578460223    0.045710746    0.000000000    0.007516865
     0.016734159    0.002060328    0.014011779    0.000000000    0.000000000
     0.055244313    0.152283753   -0.066724235   -0.223828020    0.024337463
     0.243557870    0.119930693    0.070983312    0.000000000   -1.989271046
     1.244708643    0.932823824    0.000000000   -0.152446313   -0.060902352
     0.015219787   -0.059192664    0.000000000    0.000000000    0.046269842
    -0.098227165   -0.259476967    0.234099855    0.010261178   -0.116191356
     0.000000000    5.403172663    1.282879672   -0.819343816    0.000000000
    -0.470360889    0.269740358   -1.675048505    0.193292130    0.000000000
     0.000000000   -0.138318763   -0.078404767    0.003329766    0.107707645
     0.020759119   -0.419176431    0.000000000   -2.386502155   -0.428894765
    -1.145938803    0.000000000   -0.056976565   -0.317069772   -0.004396566
     0.012918563    0.000000000    0.000000000    0.048736304   -0.173515995
     0.113272890    0.148382670
     0.001538845    0.003060327    0.008709373   -0.032867515    0.000000000
     0.458732924    0.072058859   -0.407381591    0.000000000    0.010454114
     0.010454114    0.010454114    0.000000000    0.000000000    0.000000000
     0.004918338    0.060731391   -0.009747657    0.291757889   -0.007393923
    -0.039767663   -0.016482262   -0.022461662    0.000000000    0.351679028
    -0.117304332   -1.021561613    0.000000000    0.006621969    0.006621969
     0.006621969    0.000000000    0.000000000    0.000000000   -0.060880645
    -0.168068962   -0.005672127   -0.179414449    0.234407583   -0.116072476
     0.000000000    0.458527849   -2.042783066    1.088526901    0.000000000
    -0.005137558   -0.005137558   -0.005137558    0.000000000    0.000000000
     0.000000000    0.873804455   -3.087366943   -0.008252821   -0.036454761
     0.027652761    0.051032081    0.000000000    0.741827592    0.572195856
     0.422222198    0.000000000    0.013313163    0.013313163    0.013313163
     0.000000000    0.000000000    0.000000000    0.049240089    0.289836640
    -0.055715096   -0.146039916
     0.003645723    0.000343006    0.007558819    0.057981284    0.000000000
    -0.499413626    0.155477860    0.191593941    0.000000000   -0.012160646
    -0.010653173   -0.011566788    0.000286967    0.000000000    0.000000000
    -0.006841184   -0.035165307    0.025343482    0.079094012    0.007210414
     0.032168088   -0.082269387   -0.102248130    0.000000000    1.449107237
    -0.530744752    0.181243796    0.000000000    0.058498185    0.043765214
     0.052604005   -0.000049663    0.000000000    0.000000000    0.019568377
     0.034540185    0.008211026    0.116312808    0.015405036   -0.014346868
     0.000000000   -0.653876460   -2.259224742   -0.225078213    0.000000000
    -0.011032250   -0.005872782   -0.014943207   -0.050814111    0.000000000
     0.000000000   -0.254185358   -0.626056833   -0.006255568   -0.131285222
    -0.844309963   -0.080359183    0.000000000    0.238581145    3.909794231
     0.246686678    0.000000000    0.003556246   -0.024555905    0.001378820
    -0.331848075    0.000000000    0.000000000    0.604148458    1.593345905
    -0.597372667   -1.567731011
     0.010392669    0.048247522   -0.029208183   -0.009426074    0.000000000
    -0.069120873    0.061186798    0.200788746    0.000000000    0.002336108
     0.002781401    0.002273133    0.000200125    0.000000000    0.000000000
    -0.019537445   -0.104174737    0.018361070   -0.081417423    0.010770134
     0.062538343   -0.006014261    0.010253540    0.000000000   -0.363422213
     0.629993948    0.035264258    0.000000000    0.000269357   -0.003822978
    -0.003429979    0.000501261    0.000000000    0.000000000   -0.029580038
    -0.320498160    0.015961723    0.250833089    0.040347661    0.018073500
     0.000000000   -3.165553337    0.337696000    2.595119921    0.000000000
    -0.080399490   -0.093418584   -0.078311723   -0.012085059    0.000000000
     0.000000000    0.011135835   -0.239141952    0.014836003   -1.274914710
     0.104932435   -0.625860499    0.000000000    3.765944605   -0.471083600
     3.399127213    0.000000000    0.294050320    0.251630537    0.223540941
    -0.077021999    0.000000000    0.000000000   -0.047931060    0.178683080
     0.007811524    0.586153139
     0.000000000    0.000000000    0.000000000    0.000000000    0.005367037
     0.000000000    0.000000000    0.000000000   -0.012834010    0.000000000
     0.000000000    0.000000000    0.000000000   -0.000419528    0.000238008
     0.000000000    0.000000000    0.000000000    0.000000000    0.000000000
     0.000000000    0.000000000    0.000000000   -0.016597814    0.000000000
     0.000000000    0.000000000   -0.053899359    0.000000000    0.000000000
     0.000000000    0.000000000   -0.000958352   -0.001288474    0.000000000
     0.000000000    0.000000000    0.000000000    0.000000000    0.000000000
    -0.019091843    0.000000000    0.000000000    0.000000000    0.431218537
     0.000000000    0.000000000    0.000000000    0.000000000   -0.005368388
     0.037229324    0.000000000    0.000000000    0.000000000    0.000000000
     0.000000000    0.000000000    0.986795237    0.000000000    0.000000000
     0.000000000   -1.282628959    0.000000000    0.000000000    0.000000000
     0.000000000    0.107234781    0.205605140    0.000000000    0.000000000
     0.000000000    0.000000000
     0.005664284    0.032363585   -0.015805467   -0.012209461    0.000000000
    -0.021008415    0.114221003    0.107232545    0.000000000    0.004248479
     0.001020469    0.006378118   -0.000462416    0.000000000    0.000000000
    -0.014861448   -0.084685235    0.022711627   -0.018791462    0.003631485
     0.031270361   -0.009367368   -0.013740770    0.000000000    0.065865549
     0.118031042   -0.113043049    0.000000000   -0.011937330    0.000454525
     0.008957830   -0.003063497    0.000000000    0.000000000   -0.017074971
    -0.075706373    0.024392691    0.269557042    0.018702669   -0.240681733
     0.000000000   -2.147374565   -0.085829078    1.354495032    0.000000000
     0.021829655    0.153324065    0.020485985    0.003513105    0.000000000
     0.000000000    0.011212192   -0.108943869   -0.488496739    2.303491963
     0.017955814   -0.044899120    0.000000000    4.491239424   -0.034654765
     0.775140193    0.000000000   -1.805956884   -1.870698047   -1.798288513
     0.003835427    0.000000000    0.000000000    0.061683984   -0.697743724
     0.075198619   -0.666318639
     0.004975059    0.029031690   -0.014435244   -0.025159712    0.000000000
     0.234580525    0.124593480   -0.014203282    0.000000000    0.007327908
     0.008098134    0.006801122    0.000110654    0.000000000    0.000000000
    -0.026932918   -0.077009246    0.015558983   -0.002024326    0.000077690
     0.009354884   -0.007130438   -0.010684269    0.000000000   -0.024528026
     0.121837058   -0.424472242    0.000000000    0.004362662    0.001500608
    -0.000686225    0.000752432    0.000000000    0.000000000   -0.052975722
    -0.095945503    0.024282541    0.173141451    0.015429497    0.094398652
     0.000000000   -1.380023894   -0.219329393    1.152861491    0.000000000
    -0.038521331   -0.070774845   -0.038121070   -0.000293289    0.000000000
     0.000000000   -0.018100265   -0.153423845    0.057399907   -2.340344906
     0.022590031    0.500616197    0.000000000    4.356559693   -0.029317009
    -0.376089101    0.000000000    0.403948542    0.419775372    0.401429581
     0.002759941    0.000000000    0.000000000   -0.326415474   -0.948462342
    -0.306082859   -0.929221669
     0.003447706    0.004790393   -0.008962596    0.016257023    0.000000000
     0.040836908    0.200071712   -0.041918223    0.000000000    0.004718206
    -0.000122396    0.001937027   -0.000879876    0.000000000    0.000000000
    -0.021348765   -0.049944651    0.012655650    0.122090594   -0.007489947
    -0.053118477   -0.010139952   -0.028376526    0.000000000    0.894506350
    -0.350832844   -0.473180863    0.000000000   -0.016802194    0.035111630
     0.004747301   -0.000354005    0.000000000    0.000000000   -0.039807599
    -0.051049093    0.014348672    0.125618554   -0.083488953   -0.029603949
     0.000000000   -1.028982653   -1.354385196    0.339284760    0.000000000
    -0.006239769   -0.002707063    0.007228666    0.178040103    0.000000000
     0.000000000   -0.105720667   -0.585477956   -0.000830086   -0.139546921
    -0.264945907   -0.038473416    0.000000000    0.693886368    0.922587352
     0.405810171    0.000000000    0.021987941    0.024003089    0.022874802
     1.161175194    0.000000000    0.000000000   -0.312833191    0.446626177
     0.300509504   -0.458553133
     0.005439154    0.034054479   -0.018372612   -0.008051292    0.000000000
    -0.115821808    0.139313529    0.101461904    0.000000000    0.001536914
    -0.001094246    0.012130731   -0.002926180    0.000000000    0.000000000
    -0.010318082   -0.074843604    0.024332548    0.029379728   -0.002880041
    -0.029862773   -0.015129555   -0.014129528    0.000000000    0.196776823
     0.019162633   -0.039959487    0.000000000    0.024904512    0.003989567
    -0.001092941    0.008441427    0.000000000    0.000000000    0.004957830
    -0.104805496   -0.019667125   -0.042110055    0.002237756    0.548525719
     0.000000000   -1.410047434   -0.126481228    0.864295027    0.000000000
    -0.047549452   -0.487948470   -0.078351446   -0.006706623    0.000000000
     0.000000000    0.015978628   -0.151839400   -0.009487307   -0.179935511
    -0.006795664    0.244813243    0.000000000    1.263452535    0.065282543
     1.397201209    0.000000000   -0.969085622    1.251696442   -0.001814180
    -0.005235892    0.000000000    0.000000000    0.220535507    0.218073297
     0.202840211    0.173794356
    -0.006441986   -0.048348957    0.009341612    0.003725606    0.000000000
     0.334934505   -0.024345314   -0.223358870    0.000000000   -0.002766454
     0.011004480   -0.013978876   -0.000220136    0.000000000    0.000000000
    -0.007550625    0.049063389   -0.019339117    0.034523728   -0.003944729
    -0.002033350    0.023981929    0.050305620    0.000000000   -0.040332767
    -0.159976789   -0.304320361    0.000000000   -0.020231260   -0.038109833
    -0.016797016   -0.009978266    0.000000000    0.000000000   -0.016804611
     0.024511420    0.007847074   -0.000103243    0.008072479   -0.297155466
     0.000000000    0.739625362   -0.122168792   -0.700303924    0.000000000
     0.068231392    0.286217480   -0.005481134    0.000973394    0.000000000
     0.000000000   -0.048957797    0.079782075    0.040485807    0.346780631
     0.011267593   -0.141474573    0.000000000   -1.699763816   -0.008797756
    -0.528019262    0.000000000   -0.551338544   -0.717480967    1.095109198
     0.000023685    0.000000000    0.000000000    0.329709373    0.077338555
     0.337085157    0.079585668
     0.000000000    0.000000000    0.000000000    0.000000000   -0.003689427
     0.000000000    0.000000000    0.000000000    0.021628179    0.000000000
     0.000000000    0.000000000    0.000000000    0.000354169   -0.002393131
     0.000000000    0.000000000    0.000000000    0.000000000    0.000000000
     0.000000000    0.000000000    0.000000000    0.021144547    0.000000000
     0.000000000    0.000000000   -0.035729742    0.000000000    0.000000000
     0.000000000    0.000000000   -0.003413720   -0.004759008    0.000000000
     0.000000000    0.000000000    0.000000000    0.000000000    0.000000000
    -0.004230120    0.000000000    0.000000000    0.000000000   -0.033630511
     0.000000000    0.000000000    0.000000000    0.000000000   -0.038286021
    -0.000469680    0.000000000    0.000000000    0.000000000    0.000000000
     0.000000000    0.000000000   -0.111390829    0.000000000    0.000000000
     0.000000000    0.142382221    0.000000000    0.000000000    0.000000000
     0.000000000    0.996566997   -0.000700963    0.000000000    0.000000000
     0.000000000    0.000000000
     0.000000000    0.000000000    0.000000000    0.000000000   -0.005675440
     0.000000000    0.000000000    0.000000000   -0.020000207    0.000000000
     0.000000000    0.000000000    0.000000000   -0.002369879    0.002608986
     0.000000000    0.000000000    0.000000000    0.000000000    0.000000000
     0.000000000    0.000000000    0.000000000   -0.009647600    0.000000000
     0.000000000    0.000000000    0.127971901    0.000000000    0.000000000
     0.000000000    0.000000000   -0.002977888   -0.003905983    0.000000000
     0.000000000    0.000000000    0.000000000    0.000000000    0.000000000
    -0.105535801    0.000000000    0.000000000    0.000000000   -0.376184896
     0.000000000    0.000000000    0.000000000    0.000000000   -0.005627411
     0.192447338    0.000000000    0.000000000    0.000000000    0.000000000
     0.000000000    0.000000000   -0.213375661    0.000000000    0.000000000
     0.000000000    0.451453178    0.000000000    0.000000000    0.000000000
     0.000000000   -0.021294295    1.061730585    0.000000000    0.000000000
     0.000000000    0.000000000
    -0.002721600   -0.022664994    0.004393691   -0.009875627    0.000000000
     0.218944968   -0.027644626   -0.106386109    0.000000000    0.002855102
     0.002855102    0.002855102    0.000000000    0.000000000    0.000000000
    -0.000876201    0.018039641   -0.005449909   -0.012626293   -0.004322239
    -0.004697065    0.004437877    0.031376815    0.000000000   -0.247897013
    -0.027001109   -0.151030915    0.000000000   -0.008038928   -0.008038928
    -0.008038928    0.000000000    0.000000000    0.000000000   -0.007881271
     0.047607144   -0.009214161   -0.061516359   -0.019392146   -0.001983215
     0.000000000    0.355637189    0.441034440   -0.361426085    0.000000000
     0.004433785    0.004433785    0.004433785    0.000000000    0.000000000
     0.000000000    0.038190558    0.291898851   -0.014702021   -0.231356888
     0.173260027    0.067762285    0.000000000    0.962057452   -1.311459140
    -0.772402317    0.000000000    0.000650832    0.000650832    0.000650832
     0.000000000    0.000000000    0.000000000    0.933364545   -2.738698370
     0.058027288    0.299970094
    -0.002626828   -0.010456205    0.006797208   -0.006951574    0.000000000
     0.187804205    0.138337335   -0.123070436    0.000000000    0.003267160
     0.003267160    0.003267160    0.000000000    0.000000000    0.000000000
    -0.014437158   -0.024152539    0.008837287    0.082422876   -0.000858228
    -0.033445797   -0.006755818   -0.000808532    0.000000000    0.349248042
    -0.519760900   -0.353619759    0.000000000    0.007126440    0.007126440
     0.007126440    0.000000000    0.000000000    0.000000000   -0.011544066
     0.303769935   -0.004303895    0.003979151    0.019595807   -0.004170121
     0.000000000   -0.019235823   -0.775629638   -0.521331465    0.000000000
    -0.000095941   -0.000095941   -0.000095941    0.000000000    0.000000000
     0.000000000   -0.041580464   -0.130218033   -0.014450850   -0.227081929
    -0.156939407    0.073828038    0.000000000    0.961047485    1.340079339
    -0.795464342    0.000000000    0.001011901    0.001011901    0.001011901
     0.000000000    0.000000000    0.000000000    0.056013032    0.291000551
     0.945299772   -2.784722054
     0.085134622   -0.386283256   -0.619720639   -0.371201301    0.000000000
    -0.452426877   -0.264892259   -0.188831250    0.000000000   -0.037482577
    -0.023839199   -0.017524693   -0.013209128    0.000000000    0.000000000
     0.865518299    0.547817731   -0.005044312    0.047256478   -0.007876875
    -0.023888313    0.104036810    0.006731839    0.000000000    0.068745392
    -0.077258341    0.040574606    0.000000000   -0.000649604   -0.002970791
    -0.001605246   -0.002083142    0.000000000    0.000000000   -0.010982267
     0.046882205    0.003259730    0.012900971    0.004932164   -0.038880672
     0.000000000   -0.111308478   -0.021843717    0.005357307    0.000000000
    -0.001490662   -0.002479999   -0.002071494    0.000004407    0.000000000
     0.000000000   -0.009659335   -0.001794572   -0.000924540   -0.011182031
    -0.000961432   -0.000107059    0.000000000    0.055041476    0.012081897
     0.021443669    0.000000000    0.000125894    0.000308916    0.000112604
    -0.000006564    0.000000000    0.000000000   -0.000860757    0.002788520
    -0.001801548   -0.008578318
    -0.085204912    0.382576444   -0.617856800    0.372455519    0.000000000
     0.475394604   -0.255020118    0.166323746    0.000000000    0.037725766
     0.023840080    0.017307678   -0.013341085    0.000000000    0.000000000
     0.006028140   -0.045394935   -0.856111462   -0.543633517    0.006022931
    -0.001050251    0.114640957    0.000994561    0.000000000    0.049078024
    -0.138638002   -0.120109347    0.000000000    0.001317837    0.003543327
     0.001984011   -0.001987698    0.000000000    0.000000000    0.008533651
     0.048695377    0.000935158    0.020707432    0.007810908    0.009139251
     0.000000000   -0.135828149   -0.106702505   -0.045168096    0.000000000
    -0.001651670   -0.001845149   -0.001564323    0.000005227    0.000000000
     0.000000000    0.014988962   -0.028551559    0.000369250    0.004216833
    -0.002408549    0.003809858    0.000000000   -0.000721259    0.032991479
    -0.011583727    0.000000000    0.000381612    0.000307193    0.000459343
     0.000027105    0.000000000    0.000000000    0.002397483    0.005119646
    -0.003420592   -0.022744773
    -0.097147688    0.656773111    0.015558490   -0.796023209    0.000000000
    -0.082712724   -0.054015873   -0.188537374    0.000000000    0.013695898
     0.044820599    0.011639448    0.001417021    0.000000000    0.000000000
     0.054521556    0.010153629    0.038405092   -0.035638696    0.090836040
    -0.659862447    0.009093467   -0.856917464    0.000000000   -0.013351485
    -0.028161069    0.001455305    0.000000000   -0.026030637   -0.055459792
    -0.025318466    0.001886376    0.000000000    0.000000000   -0.021821110
     0.070784576   -0.004438313   -0.028045487   -0.058133941    0.069328535
     0.000000000    0.034499839    0.130306081   -0.141065436    0.000000000
    -0.003810020   -0.004385277   -0.003407470   -0.001648386    0.000000000
     0.000000000    0.003022358    0.101304757    0.002065602   -0.015969141
    -0.042223949   -0.027248558    0.000000000   -0.101690680    0.023839803
     0.001648198    0.000000000   -0.003592238   -0.003592781   -0.003294370
    -0.000517789    0.000000000    0.000000000    0.003085866    0.031436308
    -0.016752058    0.007469806
     0.000000000    0.000000000    0.000000000    0.000000000   -0.557509271
     0.000000000    0.000000000    0.000000000   -0.419355506    0.000000000
     0.000000000    0.000000000    0.000000000    0.000351160    0.022958115
     0.000000000    0.000000000    0.000000000    0.000000000    0.000000000
     0.000000000    0.000000000    0.000000000    0.590470384    0.000000000
     0.000000000    0.000000000    0.428545998    0.000000000    0.000000000
     0.000000000    0.000000000   -0.003373843    0.022519054    0.000000000
     0.000000000    0.000000000    0.000000000    0.000000000    0.000000000
    -0.074683598    0.000000000    0.000000000    0.000000000   -0.056687450
     0.000000000    0.000000000    0.000000000    0.000000000    0.000895641
     0.000056255    0.000000000    0.000000000    0.000000000    0.000000000
     0.000000000    0.000000000    0.002742130    0.000000000    0.000000000
     0.000000000    0.002050808    0.000000000    0.000000000    0.000000000
     0.000000000   -0.000114857   -0.000013799    0.000000000    0.000000000
     0.000000000    0.000000000
    -0.006736335   -0.016633886    0.093871940   -0.009435583    0.000000000
     0.133275014   -0.065054617   -0.074957395    0.000000000    0.001323676
    -0.001052716    0.000500229    0.002161015    0.000000000    0.000000000
    -0.010556341    0.034181497   -0.012059904   -0.047389164    0.083063703
    -0.339832493   -0.652158105    0.359209129    0.000000000   -0.593178015
    -0.186695037    0.115486412    0.000000000   -0.043666691   -0.029901867
    -0.023637057    0.013400060    0.000000000    0.000000000    0.846152694
     0.521919431   -0.004516228   -0.006559523    0.053322142   -0.074546910
     0.000000000    0.057635894    0.039522083    0.175054831    0.000000000
    -0.002069241    0.000975879    0.000214075   -0.000813017    0.000000000
     0.000000000   -0.013622531   -0.053893421   -0.000469366   -0.007484966
    -0.004419749   -0.006086736    0.000000000    0.109333800   -0.027329568
     0.054623834    0.000000000    0.001774420    0.001704337    0.001411894
     0.000095335    0.000000000    0.000000000   -0.007172327   -0.002743016
    -0.014978643    0.021473192
     0.006775925    0.022645854    0.092586209   -0.014644659    0.000000000
     0.015838601   -0.152878525    0.068263728    0.000000000    0.002816988
     0.004887753    0.003254830    0.001730593    0.000000000    0.000000000
     0.020788306    0.040681090   -0.005104965   -0.100933851   -0.088030997
     0.551269645   -0.651017162   -0.409045170    0.000000000   -0.007169862
     0.015631957   -0.085734605    0.000000000    0.037180839    0.024758922
     0.013953291    0.015834859    0.000000000    0.000000000    0.012435047
    -0.090567911    0.088030997   -0.551269645   -0.651017162   -0.409045170
     0.000000000    0.007169862    0.015631957   -0.085734605    0.000000000
    -0.037180839   -0.024758922   -0.013953291   -0.015834859    0.000000000
     0.000000000   -0.012435047    0.090567911   -0.006775925   -0.022645854
     0.092586209   -0.014644659    0.000000000   -0.015838601   -0.152878525
     0.068263728    0.000000000   -0.002816988   -0.004887753   -0.003254830
    -0.001730593    0.000000000    0.000000000   -0.020788306   -0.040681090
     0.005104965    0.100933851
     0.000469366    0.007484966   -0.004419749   -0.006086736    0.000000000
    -0.109333800   -0.027329568    0.054623834    0.000000000   -0.001774420
    -0.001704337   -0.001411894   -0.000095335    0.000000000    0.000000000
     0.007172327    0.002743016    0.014978643   -0.021473192    0.004516228
     0.006559523    0.053322142   -0.074546910    0.000000000   -0.057635894
     0.039522083    0.175054831    0.000000000    0.002069241   -0.000975879
    -0.000214075    0.000813017    0.000000000    0.000000000    0.013622531
     0.053893421   -0.083063703    0.339832493   -0.652158105    0.359209129
     0.000000000    0.593178015   -0.186695037    0.115486412    0.000000000
     0.043666691    0.029901867    0.023637057   -0.013400060    0.000000000
     0.000000000   -0.846152694   -0.521919431    0.006736335    0.016633886
     0.093871940   -0.009435583    0.000000000   -0.133275014   -0.065054617
    -0.074957395    0.000000000   -0.001323676    0.001052716   -0.000500229
    -0.002161015    0.000000000    0.000000000    0.010556341   -0.034181497
     0.012059904    0.047389164
     0.002065602   -0.015969141    0.042223949    0.027248558    0.000000000
    -0.101690680   -0.023839803   -0.001648198    0.000000000   -0.003592238
    -0.003592781   -0.003294370   -0.000517789    0.000000000    0.000000000
     0.003085866    0.031436308   -0.016752058    0.007469806   -0.004438313
    -0.028045487    0.058133941   -0.069328535    0.000000000    0.034499839
    -0.130306081    0.141065436    0.000000000   -0.003810020   -0.004385277
    -0.003407470   -0.001648386    0.000000000    0.000000000    0.003022358
     0.101304757    0.090836040   -0.659862447   -0.009093467    0.856917464
     0.000000000   -0.013351485    0.028161069   -0.001455305    0.000000000
    -0.026030637   -0.055459792   -0.025318466    0.001886376    0.000000000
     0.000000000   -0.021821110    0.070784576   -0.097147688    0.656773111
    -0.015558490    0.796023209    0.000000000   -0.082712724    0.054015873
     0.188537374    0.000000000    0.013695898    0.044820599    0.011639448
     0.001417021    0.000000000    0.000000000    0.054521556    0.010153629
     0.038405092   -0.035638696
     0.000000000    0.000000000    0.000000000    0.000000000    0.002742130
     0.000000000    0.000000000    0.000000000    0.002050808    0.000000000
     0.000000000    0.000000000    0.000000000    0.000114857    0.000013799
     0.000000000    0.000000000    0.000000000    0.000000000    0.000000000
     0.000000000    0.000000000    0.000000000   -0.074683598    0.000000000
     0.000000000    0.000000000   -0.056687450    0.000000000    0.000000000
     0.000000000    0.000000000   -0.000895641   -0.000056255    0.000000000
     0.000000000    0.000000000    0.000000000    0.000000000    0.000000000
     0.590470384    0.000000000    0.000000000    0.000000000    0.428545998
     0.000000000    0.000000000    0.000000000    0.000000000    0.003373843
    -0.022519054    0.000000000    0.000000000    0.000000000    0.000000000
     0.000000000    0.000000000   -0.557509271    0.000000000    0.000000000
     0.000000000   -0.419355506    0.000000000    0.000000000    0.000000000
     0.000000000   -0.000351160   -0.022958115    0.000000000    0.000000000
     0.000000000    0.000000000
     0.000924540    0.011182031   -0.000961432   -0.000107059    0.000000000
    -0.055041476    0.012081897    0.021443669    0.000000000   -0.000125894
    -0.000308916   -0.000112604    0.000006564    0.000000000    0.000000000
     0.000860757   -0.002788520    0.001801548    0.008578318   -0.003259730
    -0.012900971    0.004932164   -0.038880672    0.000000000    0.111308478
    -0.021843717    0.005357307    0.000000000    0.001490662    0.002479999
     0.002071494   -0.000004407    0.000000000    0.000000000    0.009659335
     0.001794572    0.007876875    0.023888313    0.104036810    0.006731839
     0.000000000   -0.068745392   -0.077258341    0.040574606    0.000000000
     0.000649604    0.002970791    0.001605246    0.002083142    0.000000000
     0.000000000    0.010982267   -0.046882205   -0.085134622    0.386283256
    -0.619720639   -0.371201301    0.000000000    0.452426877   -0.264892259
    -0.188831250    0.000000000    0.037482577    0.023839199    0.017524693
     0.013209128    0.000000000    0.000000000   -0.865518299   -0.547817731
     0.005044312   -0.047256478
    -0.000369250   -0.004216833   -0.002408549    0.003809858    0.000000000
     0.000721259    0.032991479   -0.011583727    0.000000000   -0.000381612
    -0.000307193   -0.000459343   -0.000027105    0.000000000    0.000000000
    -0.002397483   -0.005119646    0.003420592    0.022744773   -0.000935158
    -0.020707432    0.007810908    0.009139251    0.000000000    0.135828149
    -0.106702505   -0.045168096    0.000000000    0.001651670    0.001845149
     0.001564323   -0.000005227    0.000000000    0.000000000   -0.014988962
     0.028551559   -0.006022931    0.001050251    0.114640957    0.000994561
     0.000000000   -0.049078024   -0.138638002   -0.120109347    0.000000000
    -0.001317837   -0.003543327   -0.001984011    0.001987698    0.000000000
     0.000000000   -0.008533651   -0.048695377    0.085204912   -0.382576444
    -0.617856800    0.372455519    0.000000000   -0.475394604   -0.255020118
     0.166323746    0.000000000   -0.037725766   -0.023840080   -0.017307678
     0.013341085    0.000000000    0.000000000   -0.006028140    0.045394935
     0.856111462    0.543633517
     1.987235592    1.986767604    1.990511804    1.926586354    1.978286905
     1.981066734    1.978286905    1.990511804    1.926586354    1.987235592
     1.986767604    1.999162918    1.999085935    1.999085935    1.999162918
     0.003683121    0.001039952    0.000471603    0.000007698    0.000011424
     0.000005197    0.000012161    0.000010214    0.000000000    0.000000000
     0.000632753    0.000959246    0.005492743    0.003364704    0.000828180
     0.000364783    0.000054255    0.000049622    0.000000000    0.000000000
     0.000003021    0.000006548    0.001264126    0.005492743    0.003364704
     0.000828180    0.000364783    0.000054255    0.000049622    0.000000000
     0.000000000    0.000003021    0.000006548    0.001264126    0.003683121
     0.001039952    0.000471603    0.000007698    0.000011424    0.000005197
     0.000012161    0.000010214    0.000000000    0.000000000    0.000632753
     0.000959246    0.006045926    0.009763966    0.007371423    0.072113862
     0.017517760    0.021510464    0.017517760    0.007371423    0.072113862
     0.006045926    0.009763966
   1  1  1  1  1  1  1  1  1  1  1  1  1  1  1  1  1  1  1  1
   1  1  1  1  1  1  1  1  1  1  1  1  1  1  1  1  1  1  1  1
   1  1  1  1  1  1  1  1  1  1  1  1  1  1  1  1  1  1  1  1
   1  1  1  1  1  1  1  1  1  1  1  1
   2  2  2  2  2  2  2  2  2  2  2  1  1  1  1 21 21 21 21 21
  21 21 21 21 21 21 21 21 21 21 21 21 21 21 21 21 21 21 21 21
  21 21 21 21 21 21 21 21 21 21 21 21 21 21 21 21 21 21 21 21
  21 22 22 22 22 22 22 22 22 22 22 22
 CR CR CR CR BD BD BD BD BD BD BD BD BD BD BD RY RY RY RY RY 
 RY RY RY RY RY RY RY RY RY RY RY RY RY RY RY RY RY RY RY RY 
 RY RY RY RY RY RY RY RY RY RY RY RY RY RY RY RY RY RY RY RY 
 RY BD BD BD BD BD BD BD BD BD BD BD 
                                              *  *  *  *  *  
 *  *  *  *  *  *  *  *  *  *  *  *  *  *  *  *  *  *  *  *  
 *  *  *  *  *  *  *  *  *  *  *  *  *  *  *  *  *  *  *  *  
 *  *  *  *  *  *  *  *  *  *  *  *  
   1  1  1  1  1  1  1  2  1  1  1  1  2  1  1  1  2  3  4  5
   6  7  8  9 10  1  1  1  2  3  4  5  6  7  8  9 10  1  1  2
   3  4  5  6  7  8  9 10  1  1  2  3  4  5  6  7  8  9 10  1
   1  1  1  1  2  1  1  1  1  2  1  1
   1  4  6  8  1  1  1  1  4  4  6  6  6  8  8  1  1  1  1  1
   1  1  1  1  1  2  3  4  4  4  4  4  4  4  4  4  4  5  6  6
   6  6  6  6  6  6  6  6  7  8  8  8  8  8  8  8  8  8  8  9
  10  1  1  1  1  4  4  6  6  6  8  8
   0  0  0  0  2  3  4  4  5  6  7  8  8  9 10  0  0  0  0  0
   0  0  0  0  0  0  0  0  0  0  0  0  0  0  0  0  0  0  0  0
   0  0  0  0  0  0  0  0  0  0  0  0  0  0  0  0  0  0  0  0
   0  2  3  4  4  5  6  7  8  8  9 10
   0  0  0  0  0  0  0  0  0  0  0  0  0  0  0  0  0  0  0  0
   0  0  0  0  0  0  0  0  0  0  0  0  0  0  0  0  0  0  0  0
   0  0  0  0  0  0  0  0  0  0  0  0  0  0  0  0  0  0  0  0
   0  0  0  0  0  0  0  0  0  0  0  0
   5  6  7  8  9 10 11 12 13 14 15  1  2  3  4 16 17 18 19 20
  21 22 23 24 25 26 27 28 29 30 31 32 33 34 35 36 37 38 39 40
  41 42 43 44 45 46 47 48 49 50 51 52 53 54 55 56 57 58 59 60
  61 62 63 64 65 66 67 68 69 70 71 72
   6  1  1  6  1  6  1  6  1  1
