 b3lyp/6-31g(d) opted for neutral state                                         
 Basis set information needed for plotting orbitals
 ---------------------------------------------------------------------------
     10    28    68
 ---------------------------------------------------------------------------
    6   0.601902110   1.751427160   0.000000000
    1   1.524340520   2.324149550   0.000000000
    1  -0.325326730   2.320530750   0.000000000
    6   0.601902110   0.410866770   0.000000000
    1   1.551605680  -0.125146100   0.000000000
    6  -0.601902110  -0.410866770   0.000000000
    1  -1.551605680   0.125146100   0.000000000
    6  -0.601902110  -1.751427160   0.000000000
    1  -1.524340520  -2.324149550   0.000000000
    1   0.325326730  -2.320530750   0.000000000
 ---------------------------------------------------------------------------
      1     1     1     6
      1
      1     4     7     3
      1   101   102   103
      1     4    10     1
      1   101   102   103
      1     6    11     1
    201   204   206   202   203   205
      2     1    12     3
      1
      2     1    15     1
      1
      3     1    16     3
      1
      3     1    19     1
      1
      4     1    20     6
      1
      4     4    26     3
      1   101   102   103
      4     4    29     1
      1   101   102   103
      4     6    30     1
    201   204   206   202   203   205
      5     1    31     3
      1
      5     1    34     1
      1
      6     1    35     6
      1
      6     4    41     3
      1   101   102   103
      6     4    44     1
      1   101   102   103
      6     6    45     1
    201   204   206   202   203   205
      7     1    46     3
      1
      7     1    49     1
      1
      8     1    50     6
      1
      8     4    56     3
      1   101   102   103
      8     4    59     1
      1   101   102   103
      8     6    60     1
    201   204   206   202   203   205
      9     1    61     3
      1
      9     1    64     1
      1
     10     1    65     3
      1
     10     1    68     1
      1
 ---------------------------------------------------------------------------
     0.304752488E+04   0.457369518E+03   0.103948685E+03   0.292101553E+02
     0.928666296E+01   0.316392696E+01   0.786827235E+01   0.188128854E+01
     0.544249258E+00   0.168714478E+00   0.800000000E+00   0.187311370E+02
     0.282539436E+01   0.640121692E+00   0.161277759E+00   0.187311370E+02
     0.282539436E+01   0.640121692E+00   0.161277759E+00   0.304752488E+04
     0.457369518E+03   0.103948685E+03   0.292101553E+02   0.928666296E+01
     0.316392696E+01   0.786827235E+01   0.188128854E+01   0.544249258E+00
     0.168714478E+00   0.800000000E+00   0.187311370E+02   0.282539436E+01
     0.640121692E+00   0.161277759E+00   0.304752488E+04   0.457369518E+03
     0.103948685E+03   0.292101553E+02   0.928666296E+01   0.316392696E+01
     0.786827235E+01   0.188128854E+01   0.544249258E+00   0.168714478E+00
     0.800000000E+00   0.187311370E+02   0.282539436E+01   0.640121692E+00
     0.161277759E+00   0.304752488E+04   0.457369518E+03   0.103948685E+03
     0.292101553E+02   0.928666296E+01   0.316392696E+01   0.786827235E+01
     0.188128854E+01   0.544249258E+00   0.168714478E+00   0.800000000E+00
     0.187311370E+02   0.282539436E+01   0.640121692E+00   0.161277759E+00
     0.187311370E+02   0.282539436E+01   0.640121692E+00   0.161277759E+00

     0.536345187E+00   0.989452141E+00   0.159728255E+01   0.207918728E+01
     0.177417427E+01   0.612579741E+00  -0.399556387E+00  -0.184155174E+00
     0.516390329E+00   0.187617937E+00   0.000000000E+00   0.214935449E+00
     0.364571202E+00   0.415051428E+00   0.181380649E+00   0.214935449E+00
     0.364571202E+00   0.415051428E+00   0.181380649E+00   0.536345187E+00
     0.989452141E+00   0.159728255E+01   0.207918728E+01   0.177417427E+01
     0.612579741E+00  -0.399556387E+00  -0.184155174E+00   0.516390329E+00
     0.187617937E+00   0.000000000E+00   0.214935449E+00   0.364571202E+00
     0.415051428E+00   0.181380649E+00   0.536345187E+00   0.989452141E+00
     0.159728255E+01   0.207918728E+01   0.177417427E+01   0.612579741E+00
    -0.399556387E+00  -0.184155174E+00   0.516390329E+00   0.187617937E+00
     0.000000000E+00   0.214935449E+00   0.364571202E+00   0.415051428E+00
     0.181380649E+00   0.536345187E+00   0.989452141E+00   0.159728255E+01
     0.207918728E+01   0.177417427E+01   0.612579741E+00  -0.399556387E+00
    -0.184155174E+00   0.516390329E+00   0.187617937E+00   0.000000000E+00
     0.214935449E+00   0.364571202E+00   0.415051428E+00   0.181380649E+00
     0.214935449E+00   0.364571202E+00   0.415051428E+00   0.181380649E+00

     0.000000000E+00   0.000000000E+00   0.000000000E+00   0.000000000E+00
     0.000000000E+00   0.000000000E+00   0.129608216E+01   0.993753596E+00
     0.495952692E+00   0.154127640E+00   0.000000000E+00   0.000000000E+00
     0.000000000E+00   0.000000000E+00   0.000000000E+00   0.000000000E+00
     0.000000000E+00   0.000000000E+00   0.000000000E+00   0.000000000E+00
     0.000000000E+00   0.000000000E+00   0.000000000E+00   0.000000000E+00
     0.000000000E+00   0.129608216E+01   0.993753596E+00   0.495952692E+00
     0.154127640E+00   0.000000000E+00   0.000000000E+00   0.000000000E+00
     0.000000000E+00   0.000000000E+00   0.000000000E+00   0.000000000E+00
     0.000000000E+00   0.000000000E+00   0.000000000E+00   0.000000000E+00
     0.129608216E+01   0.993753596E+00   0.495952692E+00   0.154127640E+00
     0.000000000E+00   0.000000000E+00   0.000000000E+00   0.000000000E+00
     0.000000000E+00   0.000000000E+00   0.000000000E+00   0.000000000E+00
     0.000000000E+00   0.000000000E+00   0.000000000E+00   0.129608216E+01
     0.993753596E+00   0.495952692E+00   0.154127640E+00   0.000000000E+00
     0.000000000E+00   0.000000000E+00   0.000000000E+00   0.000000000E+00
     0.000000000E+00   0.000000000E+00   0.000000000E+00   0.000000000E+00

     0.000000000E+00   0.000000000E+00   0.000000000E+00   0.000000000E+00
     0.000000000E+00   0.000000000E+00   0.000000000E+00   0.000000000E+00
     0.000000000E+00   0.000000000E+00   0.111382493E+01   0.000000000E+00
     0.000000000E+00   0.000000000E+00   0.000000000E+00   0.000000000E+00
     0.000000000E+00   0.000000000E+00   0.000000000E+00   0.000000000E+00
     0.000000000E+00   0.000000000E+00   0.000000000E+00   0.000000000E+00
     0.000000000E+00   0.000000000E+00   0.000000000E+00   0.000000000E+00
     0.000000000E+00   0.111382493E+01   0.000000000E+00   0.000000000E+00
     0.000000000E+00   0.000000000E+00   0.000000000E+00   0.000000000E+00
     0.000000000E+00   0.000000000E+00   0.000000000E+00   0.000000000E+00
     0.000000000E+00   0.000000000E+00   0.000000000E+00   0.000000000E+00
     0.111382493E+01   0.000000000E+00   0.000000000E+00   0.000000000E+00
     0.000000000E+00   0.000000000E+00   0.000000000E+00   0.000000000E+00
     0.000000000E+00   0.000000000E+00   0.000000000E+00   0.000000000E+00
     0.000000000E+00   0.000000000E+00   0.000000000E+00   0.111382493E+01
     0.000000000E+00   0.000000000E+00   0.000000000E+00   0.000000000E+00
     0.000000000E+00   0.000000000E+00   0.000000000E+00   0.000000000E+00

     0.000000000E+00   0.000000000E+00   0.000000000E+00   0.000000000E+00
     0.000000000E+00   0.000000000E+00   0.000000000E+00   0.000000000E+00
     0.000000000E+00   0.000000000E+00   0.000000000E+00   0.000000000E+00
     0.000000000E+00   0.000000000E+00   0.000000000E+00   0.000000000E+00
     0.000000000E+00   0.000000000E+00   0.000000000E+00   0.000000000E+00
     0.000000000E+00   0.000000000E+00   0.000000000E+00   0.000000000E+00
     0.000000000E+00   0.000000000E+00   0.000000000E+00   0.000000000E+00
     0.000000000E+00   0.000000000E+00   0.000000000E+00   0.000000000E+00
     0.000000000E+00   0.000000000E+00   0.000000000E+00   0.000000000E+00
     0.000000000E+00   0.000000000E+00   0.000000000E+00   0.000000000E+00
     0.000000000E+00   0.000000000E+00   0.000000000E+00   0.000000000E+00
     0.000000000E+00   0.000000000E+00   0.000000000E+00   0.000000000E+00
     0.000000000E+00   0.000000000E+00   0.000000000E+00   0.000000000E+00
     0.000000000E+00   0.000000000E+00   0.000000000E+00   0.000000000E+00
     0.000000000E+00   0.000000000E+00   0.000000000E+00   0.000000000E+00
     0.000000000E+00   0.000000000E+00   0.000000000E+00   0.000000000E+00
     0.000000000E+00   0.000000000E+00   0.000000000E+00   0.000000000E+00
