#Index, radius in Angstrom, element
0   0.3  !Bq
1   1.2  !H 
2   1.4  !He
3   1.82 !Li
4   1.77 !Be
5   1.74 !B 
6   1.7  !C 
7   1.55 !N 
8   1.52 !O 
9   1.47 !F 
10  1.54 !Ne
11  2.27 !Na
12  1.73 !Mg
13  1.73 !Al
14  2.1  !Si
15  1.8  !P 
16  1.8  !S 
17  1.75 !Cl
18  1.88 !Ar
19  2.0  !K 
20  2.0  !Ca
21  2.0  !Sc
22  2.0  !Ti
23  2.0  !V 
24  2.0  !Cr
25  2.0  !Mn
26  2.0  !Fe
27  2.0  !Co
28  1.63 !Ni
29  1.4  !Cu
30  1.39 !Zn
31  1.87 !Ga
32  2.0  !Ge
33  1.85 !As
34  1.9  !Se
35  1.85 !Br
36  2.02 !Kr
37  2.0  !Rb
38  2.0  !Sr
39  2.0  !Y 
40  2.0  !Zr
41  2.0  !Nb
42  2.0  !Mo
43  2.0  !Tc
44  2.0  !Ru
45  2.0  !Rh
46  1.63 !Pd
47  1.72 !Ag
48  1.58 !Cd
49  1.93 !In
50  2.17 !Sn
51  2.0  !Sb
52  2.06 !Te
53  1.98 !I 
54  2.16 !Xe
55  2.0  !Cs
56  2.0  !Ba
57  2.0  !La
58  2.0  !Ce
59  2.0  !Pr
60  2.0  !Nd
61  2.0  !Pm
62  2.0  !Sm
63  2.0  !Eu
64  2.0  !Gd
65  2.0  !Tb
66  2.0  !Dy
67  2.0  !Ho
68  2.0  !Er
69  2.0  !Tm
70  2.0  !Yb
71  2.0  !Lu
72  2.0  !Hf
73  2.0  !Ta
74  2.0  !W 
75  2.0  !Re
76  2.0  !Os
77  2.0  !Ir
78  1.72 !Pt
79  1.66 !Au
80  1.55 !Hg
81  1.96 !Tl
82  2.02 !Pb
83  2.0  !Bi
84  2.0  !Po
85  2.0  !At
86  2.0  !Rn
87  2.0  !Fr
88  2.0  !Ra
89  2.0  !Ac
90  2.0  !Th
91  2.0  !Pa
92  2.0  !U 
93  2.0  !Np
94  2.0  !Pu
95  2.0  !Am
96  2.0  !Cm
97  2.0  !Bk
98  2.0  !Cf
99  2.0  !Es
100 2.0  !Fm
101 2.0  !Md
102 2.0  !No
103 2.0  !Lr
104 2.0  !Rf
105 2.0  !Db
106 2.0  !Sg
107 2.0  !Bh
108 2.0  !Hs
109 2.0  !Mt
110 2.0  !Ds
111 2.0  !Rg
112 2.0  !Cn
113 2.0  !Ut
114 2.0  !Fl
115 2.0  !Up
116 2.0  !Lv
117 2.0  !Us
118 2.0  !Uo
119 2.0 
120 2.0 
121 2.0 
122 2.0 
123 2.0 
124 2.0 
125 2.0 
126 2.0 
127 2.0 
128 2.0 
129 2.0 
130 2.0 
131 2.0 
132 2.0 
133 2.0 
134 2.0 
135 2.0 
136 2.0 
137 2.0 
138 2.0 
139 2.0 
140 2.0 
141 2.0 
142 2.0 
143 2.0 
144 2.0 
145 2.0 
146 2.0 
147 2.0 
148 2.0 
149 2.0 
150 2.0 
