   2.39152000E+005
   0.00000000E+000
   0.00000000E+000
   0.00000000E+000
   7.97200000E+004
   0.00000000E+000
   0.00000000E+000
   0.00000000E+000
   1.31291000E+004
   0.00000000E+000
   7.97200000E+004
   0.00000000E+000
   7.97200000E+004
   2.71571000E-005
   0.00000000E+000
   0.00000000E+000
   0.00000000E+000
   0.00000000E+000
   0.00000000E+000
   0.00000000E+000
   1.31291000E+004
   0.00000000E+000
   0.00000000E+000
   0.00000000E+000
   1.31291000E+004
   0.00000000E+000
   0.00000000E+000
   0.00000000E+000
   7.97200000E+004
   0.00000000E+000
   7.97200000E+004
   2.71571000E-005
   0.00000000E+000
   0.00000000E+000
   0.00000000E+000
   0.00000000E+000
   7.97200000E+004
   2.71571000E-005
   0.00000000E+000
   2.71571000E-005
   2.39172000E+005
   0.00000000E+000
   0.00000000E+000
   0.00000000E+000
   1.31305000E+004
   0.00000000E+000
   0.00000000E+000
   0.00000000E+000
   0.00000000E+000
   0.00000000E+000
   1.31305000E+004
   0.00000000E+000
   1.31305000E+004
   0.00000000E+000
   0.00000000E+000
   0.00000000E+000
   1.31291000E+004
   0.00000000E+000
   0.00000000E+000
   0.00000000E+000
   1.31291000E+004
   0.00000000E+000
   0.00000000E+000
   0.00000000E+000
   0.00000000E+000
   0.00000000E+000
   0.00000000E+000
   0.00000000E+000
   1.31305000E+004
   0.00000000E+000
   1.31305000E+004
   0.00000000E+000
   1.31291000E+004
   0.00000000E+000
   0.00000000E+000
   0.00000000E+000
   1.31305000E+004
   0.00000000E+000
   0.00000000E+000
   0.00000000E+000
   1.43342000E+004
