  -4.17577000E+001
   8.72102000E+000
   0.00000000E+000
   8.72102000E+000
  -3.39676000E+001
   0.00000000E+000
   0.00000000E+000
   0.00000000E+000
   1.80639000E+001
   9.20495000E+000
  -3.48941000E+001
   0.00000000E+000
  -3.48941000E+001
  -4.04644000E+001
   0.00000000E+000
   0.00000000E+000
   0.00000000E+000
   3.43561000E+000
   0.00000000E+000
   0.00000000E+000
   1.77332000E+001
   0.00000000E+000
   0.00000000E+000
   3.45158000E+000
   1.77332000E+001
   3.45158000E+000
   0.00000000E+000
