   1.16183000E+004
   1.70409000E+003
   0.00000000E+000
   1.70286000E+003
   3.82126000E+003
   0.00000000E+000
   0.00000000E+000
   0.00000000E+000
   2.73130000E+003
   1.70286000E+003
   3.82126000E+003
   0.00000000E+000
   3.83946000E+003
   6.75733000E+002
   0.00000000E+000
   0.00000000E+000
   0.00000000E+000
   7.18783000E+002
   0.00000000E+000
   0.00000000E+000
   2.73130000E+003
   0.00000000E+000
   0.00000000E+000
   7.18783000E+002
   2.72186000E+003
   7.00385000E+002
   0.00000000E+000
   1.69994000E+003
   3.85356000E+003
   0.00000000E+000
   3.84800000E+003
   5.63316000E+002
   0.00000000E+000
   0.00000000E+000
   0.00000000E+000
   7.08084000E+002
   3.84800000E+003
   5.63316000E+002
   0.00000000E+000
   5.28018000E+002
   9.71241000E+003
   0.00000000E+000
   0.00000000E+000
   0.00000000E+000
   2.70932000E+003
   0.00000000E+000
   0.00000000E+000
   7.08084000E+002
   0.00000000E+000
   0.00000000E+000
   2.70932000E+003
   6.88107000E+002
   2.67530000E+003
   0.00000000E+000
   0.00000000E+000
   0.00000000E+000
   2.72440000E+003
   0.00000000E+000
   0.00000000E+000
   6.94159000E+002
   2.73873000E+003
   7.15344000E+002
   0.00000000E+000
   0.00000000E+000
   0.00000000E+000
   6.94159000E+002
   0.00000000E+000
   0.00000000E+000
   2.68710000E+003
   7.12515000E+002
   2.73787000E+003
   0.00000000E+000
   2.73873000E+003
   7.15344000E+002
   0.00000000E+000
   7.12515000E+002
   2.73787000E+003
   0.00000000E+000
   0.00000000E+000
   0.00000000E+000
   5.15706000E+003
