         558
 eV  
           2
           2
   2.72113838000000     
  0.500000000000000     
           0
           1
           1
  5.000000000000000E-003
           2
  -28.0000000000000     
   1.00000000000000     
  0.500000000000000     
png 
  0.000000000000000E+000
  0.494288923302126     
   3.00000000000000     
  5.000000000000000E-002
           1
           0
   1   1   1   0   0   0   0   0   0   0
   1   1   1   0   0   0   0   0   0   0
           0
           0
           1
           1
           1
         400
         160
           3
           2
   1   3  10  14  12   9  13  11   6   7
TDOS                                                                            
OPDOS                                                                           
sigma MOs                                                                       
in-plane pi MOs                                                                 
out-of-plane pi MOs                                                                
PDOS frag.4                                                                     
PDOS frag.5                                                                     
PDOS frag.6                                                                     
PDOS frag.7                                                                     
PDOS frag.8                                                                     
PDOS frag.9                                                                     
PDOS frag.10                                                                    
   1.00000000000000     
 -9.255963134931783E+061
 -9.255963134931783E+061
 -9.255963134931783E+061
 -9.255963134931783E+061
           0
           0
           2
         558
         558
 -0.28172247E+03  0.20000000E+01    1.360569    0.036749
 -0.28172100E+03  0.20000000E+01    1.360569    0.036749
 -0.28172100E+03  0.20000000E+01    1.360569    0.036749
 -0.28171597E+03  0.20000000E+01    1.360569    0.036749
 -0.28171597E+03  0.20000000E+01    1.360569    0.036749
 -0.28170884E+03  0.20000000E+01    1.360569    0.036749
 -0.28170884E+03  0.20000000E+01    1.360569    0.036749
 -0.28170260E+03  0.20000000E+01    1.360569    0.036749
 -0.28170260E+03  0.20000000E+01    1.360569    0.036749
 -0.28166172E+03  0.20000000E+01    1.360569    0.036749
 -0.28166172E+03  0.20000000E+01    1.360569    0.036749
 -0.28165494E+03  0.20000000E+01    1.360569    0.036749
 -0.28165494E+03  0.20000000E+01    1.360569    0.036749
 -0.28164729E+03  0.20000000E+01    1.360569    0.036749
 -0.28164729E+03  0.20000000E+01    1.360569    0.036749
 -0.28164192E+03  0.20000000E+01    1.360569    0.036749
 -0.28164192E+03  0.20000000E+01    1.360569    0.036749
 -0.28164021E+03  0.20000000E+01    1.360569    0.036749
 -0.26417473E+02  0.20000000E+01    1.360569    0.036749
 -0.26211825E+02  0.20000000E+01    1.360569    0.036749
 -0.26211825E+02  0.20000000E+01    1.360569    0.036749
 -0.25612409E+02  0.20000000E+01    1.360569    0.036749
 -0.25612409E+02  0.20000000E+01    1.360569    0.036749
 -0.24671703E+02  0.20000000E+01    1.360569    0.036749
 -0.24671703E+02  0.20000000E+01    1.360569    0.036749
 -0.23510682E+02  0.20000000E+01    1.360569    0.036749
 -0.23510682E+02  0.20000000E+01    1.360569    0.036749
 -0.21854818E+02  0.20000000E+01    1.360569    0.036749
 -0.21854818E+02  0.20000000E+01    1.360569    0.036749
 -0.20495470E+02  0.20000000E+01    1.360569    0.036749
 -0.20495470E+02  0.20000000E+01    1.360569    0.036749
 -0.19212756E+02  0.20000000E+01    1.360569    0.036749
 -0.19212756E+02  0.20000000E+01    1.360569    0.036749
 -0.18273458E+02  0.20000000E+01    1.360569    0.036749
 -0.18273458E+02  0.20000000E+01    1.360569    0.036749
 -0.17921952E+02  0.20000000E+01    1.360569    0.036749
 -0.14163314E+02  0.20000000E+01    1.360569    0.036749
 -0.14142420E+02  0.20000000E+01    1.360569    0.036749
 -0.13813638E+02  0.20000000E+01    1.360569    0.036749
 -0.13813638E+02  0.20000000E+01    1.360569    0.036749
 -0.13808882E+02  0.20000000E+01    1.360569    0.036749
 -0.13808882E+02  0.20000000E+01    1.360569    0.036749
 -0.12790337E+02  0.20000000E+01    1.360569    0.036749
 -0.12790337E+02  0.20000000E+01    1.360569    0.036749
 -0.12756951E+02  0.20000000E+01    1.360569    0.036749
 -0.12756951E+02  0.20000000E+01    1.360569    0.036749
 -0.11023679E+02  0.20000000E+01    1.360569    0.036749
 -0.11023679E+02  0.20000000E+01    1.360569    0.036749
 -0.10942762E+02  0.20000000E+01    1.360569    0.036749
 -0.10942762E+02  0.20000000E+01    1.360569    0.036749
 -0.85508512E+01  0.20000000E+01    1.360569    0.036749
 -0.85508512E+01  0.20000000E+01    1.360569    0.036749
 -0.84485280E+01  0.20000000E+01    1.360569    0.036749
 -0.84485280E+01  0.20000000E+01    1.360569    0.036749
 -0.17005258E+01  0.00000000E+00    1.360569    0.036749
 -0.17005258E+01  0.00000000E+00    1.360569    0.036749
 -0.16753490E+01  0.00000000E+00    1.360569    0.036749
 -0.16753490E+01  0.00000000E+00    1.360569    0.036749
  0.11788726E+01  0.00000000E+00    1.360569    0.036749
  0.11788726E+01  0.00000000E+00    1.360569    0.036749
  0.16328004E+01  0.00000000E+00    1.360569    0.036749
  0.16328004E+01  0.00000000E+00    1.360569    0.036749
  0.29335810E+01  0.00000000E+00    1.360569    0.036749
  0.29335810E+01  0.00000000E+00    1.360569    0.036749
  0.31194157E+01  0.00000000E+00    1.360569    0.036749
  0.31194157E+01  0.00000000E+00    1.360569    0.036749
  0.35125393E+01  0.00000000E+00    1.360569    0.036749
  0.35817007E+01  0.00000000E+00    1.360569    0.036749
  0.35817007E+01  0.00000000E+00    1.360569    0.036749
  0.37523125E+01  0.00000000E+00    1.360569    0.036749
  0.37862001E+01  0.00000000E+00    1.360569    0.036749
  0.37862001E+01  0.00000000E+00    1.360569    0.036749
  0.47588752E+01  0.00000000E+00    1.360569    0.036749
  0.47588752E+01  0.00000000E+00    1.360569    0.036749
  0.50309961E+01  0.00000000E+00    1.360569    0.036749
  0.50309961E+01  0.00000000E+00    1.360569    0.036749
  0.61372624E+01  0.00000000E+00    1.360569    0.036749
  0.61372624E+01  0.00000000E+00    1.360569    0.036749
  0.65333509E+01  0.00000000E+00    1.360569    0.036749
  0.66329376E+01  0.00000000E+00    1.360569    0.036749
  0.69965453E+01  0.00000000E+00    1.360569    0.036749
  0.69965453E+01  0.00000000E+00    1.360569    0.036749
  0.72118795E+01  0.00000000E+00    1.360569    0.036749
  0.72118795E+01  0.00000000E+00    1.360569    0.036749
  0.80253629E+01  0.00000000E+00    1.360569    0.036749
  0.80253629E+01  0.00000000E+00    1.360569    0.036749
  0.80471709E+01  0.00000000E+00    1.360569    0.036749
  0.80471709E+01  0.00000000E+00    1.360569    0.036749
  0.81622327E+01  0.00000000E+00    1.360569    0.036749
  0.81622327E+01  0.00000000E+00    1.360569    0.036749
  0.89953796E+01  0.00000000E+00    1.360569    0.036749
  0.89953796E+01  0.00000000E+00    1.360569    0.036749
  0.93056717E+01  0.00000000E+00    1.360569    0.036749
  0.93056717E+01  0.00000000E+00    1.360569    0.036749
  0.96643663E+01  0.00000000E+00    1.360569    0.036749
  0.98648886E+01  0.00000000E+00    1.360569    0.036749
  0.98648886E+01  0.00000000E+00    1.360569    0.036749
  0.10662403E+02  0.00000000E+00    1.360569    0.036749
  0.10662403E+02  0.00000000E+00    1.360569    0.036749
  0.10746612E+02  0.00000000E+00    1.360569    0.036749
  0.10746612E+02  0.00000000E+00    1.360569    0.036749
  0.10898425E+02  0.00000000E+00    1.360569    0.036749
  0.10898425E+02  0.00000000E+00    1.360569    0.036749
  0.11734166E+02  0.00000000E+00    1.360569    0.036749
  0.11734166E+02  0.00000000E+00    1.360569    0.036749
  0.11827947E+02  0.00000000E+00    1.360569    0.036749
  0.11827947E+02  0.00000000E+00    1.360569    0.036749
  0.11927792E+02  0.00000000E+00    1.360569    0.036749
  0.11927792E+02  0.00000000E+00    1.360569    0.036749
  0.12321111E+02  0.00000000E+00    1.360569    0.036749
  0.12321111E+02  0.00000000E+00    1.360569    0.036749
  0.12376839E+02  0.00000000E+00    1.360569    0.036749
  0.12376839E+02  0.00000000E+00    1.360569    0.036749
  0.12927422E+02  0.00000000E+00    1.360569    0.036749
  0.12927422E+02  0.00000000E+00    1.360569    0.036749
  0.13069360E+02  0.00000000E+00    1.360569    0.036749
  0.13069360E+02  0.00000000E+00    1.360569    0.036749
  0.13739958E+02  0.00000000E+00    1.360569    0.036749
  0.13739958E+02  0.00000000E+00    1.360569    0.036749
  0.13943076E+02  0.00000000E+00    1.360569    0.036749
  0.14084208E+02  0.00000000E+00    1.360569    0.036749
  0.14084208E+02  0.00000000E+00    1.360569    0.036749
  0.14285060E+02  0.00000000E+00    1.360569    0.036749
  0.14285060E+02  0.00000000E+00    1.360569    0.036749
  0.14382035E+02  0.00000000E+00    1.360569    0.036749
  0.14382035E+02  0.00000000E+00    1.360569    0.036749
  0.14491853E+02  0.00000000E+00    1.360569    0.036749
  0.14763840E+02  0.00000000E+00    1.360569    0.036749
  0.14772167E+02  0.00000000E+00    1.360569    0.036749
  0.15099061E+02  0.00000000E+00    1.360569    0.036749
  0.15099061E+02  0.00000000E+00    1.360569    0.036749
  0.15115061E+02  0.00000000E+00    1.360569    0.036749
  0.15115061E+02  0.00000000E+00    1.360569    0.036749
  0.15526575E+02  0.00000000E+00    1.360569    0.036749
  0.15526575E+02  0.00000000E+00    1.360569    0.036749
  0.15547725E+02  0.00000000E+00    1.360569    0.036749
  0.15869691E+02  0.00000000E+00    1.360569    0.036749
  0.15869691E+02  0.00000000E+00    1.360569    0.036749
  0.16167717E+02  0.00000000E+00    1.360569    0.036749
  0.16167717E+02  0.00000000E+00    1.360569    0.036749
  0.16454893E+02  0.00000000E+00    1.360569    0.036749
  0.16454893E+02  0.00000000E+00    1.360569    0.036749
  0.16927136E+02  0.00000000E+00    1.360569    0.036749
  0.16927136E+02  0.00000000E+00    1.360569    0.036749
  0.17011295E+02  0.00000000E+00    1.360569    0.036749
  0.17011295E+02  0.00000000E+00    1.360569    0.036749
  0.17769540E+02  0.00000000E+00    1.360569    0.036749
  0.17769540E+02  0.00000000E+00    1.360569    0.036749
  0.18060928E+02  0.00000000E+00    1.360569    0.036749
  0.18060928E+02  0.00000000E+00    1.360569    0.036749
  0.18559832E+02  0.00000000E+00    1.360569    0.036749
  0.18559832E+02  0.00000000E+00    1.360569    0.036749
  0.19015463E+02  0.00000000E+00    1.360569    0.036749
  0.19015463E+02  0.00000000E+00    1.360569    0.036749
  0.19094772E+02  0.00000000E+00    1.360569    0.036749
  0.19094772E+02  0.00000000E+00    1.360569    0.036749
  0.19799696E+02  0.00000000E+00    1.360569    0.036749
  0.20625064E+02  0.00000000E+00    1.360569    0.036749
  0.20625064E+02  0.00000000E+00    1.360569    0.036749
  0.20764729E+02  0.00000000E+00    1.360569    0.036749
  0.20764729E+02  0.00000000E+00    1.360569    0.036749
  0.20805443E+02  0.00000000E+00    1.360569    0.036749
  0.20805443E+02  0.00000000E+00    1.360569    0.036749
  0.20938042E+02  0.00000000E+00    1.360569    0.036749
  0.20938042E+02  0.00000000E+00    1.360569    0.036749
  0.21630012E+02  0.00000000E+00    1.360569    0.036749
  0.21630012E+02  0.00000000E+00    1.360569    0.036749
  0.22358222E+02  0.00000000E+00    1.360569    0.036749
  0.22914950E+02  0.00000000E+00    1.360569    0.036749
  0.22914950E+02  0.00000000E+00    1.360569    0.036749
  0.23302710E+02  0.00000000E+00    1.360569    0.036749
  0.23302710E+02  0.00000000E+00    1.360569    0.036749
  0.24044319E+02  0.00000000E+00    1.360569    0.036749
  0.24358425E+02  0.00000000E+00    1.360569    0.036749
  0.24358425E+02  0.00000000E+00    1.360569    0.036749
  0.24660124E+02  0.00000000E+00    1.360569    0.036749
  0.24660124E+02  0.00000000E+00    1.360569    0.036749
  0.24829757E+02  0.00000000E+00    1.360569    0.036749
  0.24829757E+02  0.00000000E+00    1.360569    0.036749
  0.25205778E+02  0.00000000E+00    1.360569    0.036749
  0.27316762E+02  0.00000000E+00    1.360569    0.036749
  0.27593899E+02  0.00000000E+00    1.360569    0.036749
  0.27593899E+02  0.00000000E+00    1.360569    0.036749
  0.27842922E+02  0.00000000E+00    1.360569    0.036749
  0.27842922E+02  0.00000000E+00    1.360569    0.036749
  0.28473245E+02  0.00000000E+00    1.360569    0.036749
  0.28473245E+02  0.00000000E+00    1.360569    0.036749
  0.28542974E+02  0.00000000E+00    1.360569    0.036749
  0.28542974E+02  0.00000000E+00    1.360569    0.036749
  0.28703655E+02  0.00000000E+00    1.360569    0.036749
  0.28703655E+02  0.00000000E+00    1.360569    0.036749
  0.31723412E+02  0.00000000E+00    1.360569    0.036749
  0.31723412E+02  0.00000000E+00    1.360569    0.036749
  0.31850416E+02  0.00000000E+00    1.360569    0.036749
  0.31850416E+02  0.00000000E+00    1.360569    0.036749
  0.32324486E+02  0.00000000E+00    1.360569    0.036749
  0.32324486E+02  0.00000000E+00    1.360569    0.036749
  0.33567447E+02  0.00000000E+00    1.360569    0.036749
  0.33567447E+02  0.00000000E+00    1.360569    0.036749
  0.33832091E+02  0.00000000E+00    1.360569    0.036749
  0.33832091E+02  0.00000000E+00    1.360569    0.036749
  0.35147661E+02  0.00000000E+00    1.360569    0.036749
  0.35206517E+02  0.00000000E+00    1.360569    0.036749
  0.35206517E+02  0.00000000E+00    1.360569    0.036749
  0.36320567E+02  0.00000000E+00    1.360569    0.036749
  0.36320567E+02  0.00000000E+00    1.360569    0.036749
  0.37118140E+02  0.00000000E+00    1.360569    0.036749
  0.37118140E+02  0.00000000E+00    1.360569    0.036749
  0.37293264E+02  0.00000000E+00    1.360569    0.036749
  0.37293264E+02  0.00000000E+00    1.360569    0.036749
  0.37699297E+02  0.00000000E+00    1.360569    0.036749
  0.37875655E+02  0.00000000E+00    1.360569    0.036749
  0.37875655E+02  0.00000000E+00    1.360569    0.036749
  0.38391144E+02  0.00000000E+00    1.360569    0.036749
  0.38391144E+02  0.00000000E+00    1.360569    0.036749
  0.38430149E+02  0.00000000E+00    1.360569    0.036749
  0.38430149E+02  0.00000000E+00    1.360569    0.036749
  0.39000552E+02  0.00000000E+00    1.360569    0.036749
  0.39136259E+02  0.00000000E+00    1.360569    0.036749
  0.39395103E+02  0.00000000E+00    1.360569    0.036749
  0.39395103E+02  0.00000000E+00    1.360569    0.036749
  0.39816479E+02  0.00000000E+00    1.360569    0.036749
  0.39816479E+02  0.00000000E+00    1.360569    0.036749
  0.40089010E+02  0.00000000E+00    1.360569    0.036749
  0.40089010E+02  0.00000000E+00    1.360569    0.036749
  0.40176764E+02  0.00000000E+00    1.360569    0.036749
  0.40183750E+02  0.00000000E+00    1.360569    0.036749
  0.40183750E+02  0.00000000E+00    1.360569    0.036749
  0.40315584E+02  0.00000000E+00    1.360569    0.036749
  0.40315584E+02  0.00000000E+00    1.360569    0.036749
  0.40988430E+02  0.00000000E+00    1.360569    0.036749
  0.40988430E+02  0.00000000E+00    1.360569    0.036749
  0.41174198E+02  0.00000000E+00    1.360569    0.036749
  0.41174198E+02  0.00000000E+00    1.360569    0.036749
  0.41380452E+02  0.00000000E+00    1.360569    0.036749
  0.41380452E+02  0.00000000E+00    1.360569    0.036749
  0.41507398E+02  0.00000000E+00    1.360569    0.036749
  0.41507398E+02  0.00000000E+00    1.360569    0.036749
  0.41853130E+02  0.00000000E+00    1.360569    0.036749
  0.41853130E+02  0.00000000E+00    1.360569    0.036749
  0.43163169E+02  0.00000000E+00    1.360569    0.036749
  0.43163169E+02  0.00000000E+00    1.360569    0.036749
  0.43361263E+02  0.00000000E+00    1.360569    0.036749
  0.43361263E+02  0.00000000E+00    1.360569    0.036749
  0.43754061E+02  0.00000000E+00    1.360569    0.036749
  0.43754061E+02  0.00000000E+00    1.360569    0.036749
  0.44735472E+02  0.00000000E+00    1.360569    0.036749
  0.44735472E+02  0.00000000E+00    1.360569    0.036749
  0.45134802E+02  0.00000000E+00    1.360569    0.036749
  0.45134802E+02  0.00000000E+00    1.360569    0.036749
  0.45458975E+02  0.00000000E+00    1.360569    0.036749
  0.45458975E+02  0.00000000E+00    1.360569    0.036749
  0.45978037E+02  0.00000000E+00    1.360569    0.036749
  0.46170047E+02  0.00000000E+00    1.360569    0.036749
  0.46170047E+02  0.00000000E+00    1.360569    0.036749
  0.46647786E+02  0.00000000E+00    1.360569    0.036749
  0.46647786E+02  0.00000000E+00    1.360569    0.036749
  0.47267136E+02  0.00000000E+00    1.360569    0.036749
  0.47267136E+02  0.00000000E+00    1.360569    0.036749
  0.47718709E+02  0.00000000E+00    1.360569    0.036749
  0.47718709E+02  0.00000000E+00    1.360569    0.036749
  0.48297892E+02  0.00000000E+00    1.360569    0.036749
  0.48297892E+02  0.00000000E+00    1.360569    0.036749
  0.48996940E+02  0.00000000E+00    1.360569    0.036749
  0.49005686E+02  0.00000000E+00    1.360569    0.036749
  0.49005686E+02  0.00000000E+00    1.360569    0.036749
  0.49323925E+02  0.00000000E+00    1.360569    0.036749
  0.49323925E+02  0.00000000E+00    1.360569    0.036749
  0.49794628E+02  0.00000000E+00    1.360569    0.036749
  0.49794628E+02  0.00000000E+00    1.360569    0.036749
  0.49822733E+02  0.00000000E+00    1.360569    0.036749
  0.49822733E+02  0.00000000E+00    1.360569    0.036749
  0.50267708E+02  0.00000000E+00    1.360569    0.036749
  0.50267708E+02  0.00000000E+00    1.360569    0.036749
  0.52064507E+02  0.00000000E+00    1.360569    0.036749
  0.53400197E+02  0.00000000E+00    1.360569    0.036749
  0.53400197E+02  0.00000000E+00    1.360569    0.036749
  0.54718581E+02  0.00000000E+00    1.360569    0.036749
  0.54718581E+02  0.00000000E+00    1.360569    0.036749
  0.55459661E+02  0.00000000E+00    1.360569    0.036749
  0.55459661E+02  0.00000000E+00    1.360569    0.036749
  0.55907233E+02  0.00000000E+00    1.360569    0.036749
  0.55907233E+02  0.00000000E+00    1.360569    0.036749
  0.57615199E+02  0.00000000E+00    1.360569    0.036749
  0.57615199E+02  0.00000000E+00    1.360569    0.036749
  0.59079476E+02  0.00000000E+00    1.360569    0.036749
  0.59079476E+02  0.00000000E+00    1.360569    0.036749
  0.59137106E+02  0.00000000E+00    1.360569    0.036749
  0.59137106E+02  0.00000000E+00    1.360569    0.036749
  0.59176572E+02  0.00000000E+00    1.360569    0.036749
  0.61369430E+02  0.00000000E+00    1.360569    0.036749
  0.61369430E+02  0.00000000E+00    1.360569    0.036749
  0.62789781E+02  0.00000000E+00    1.360569    0.036749
  0.63790245E+02  0.00000000E+00    1.360569    0.036749
  0.64466873E+02  0.00000000E+00    1.360569    0.036749
  0.65360965E+02  0.00000000E+00    1.360569    0.036749
  0.66113626E+02  0.00000000E+00    1.360569    0.036749
  0.66246615E+02  0.00000000E+00    1.360569    0.036749
  0.66246615E+02  0.00000000E+00    1.360569    0.036749
  0.66396143E+02  0.00000000E+00    1.360569    0.036749
  0.66478987E+02  0.00000000E+00    1.360569    0.036749
  0.66691397E+02  0.00000000E+00    1.360569    0.036749
  0.66691397E+02  0.00000000E+00    1.360569    0.036749
  0.66866852E+02  0.00000000E+00    1.360569    0.036749
  0.66866852E+02  0.00000000E+00    1.360569    0.036749
  0.66976321E+02  0.00000000E+00    1.360569    0.036749
  0.66976321E+02  0.00000000E+00    1.360569    0.036749
  0.67926000E+02  0.00000000E+00    1.360569    0.036749
  0.67926000E+02  0.00000000E+00    1.360569    0.036749
  0.67958725E+02  0.00000000E+00    1.360569    0.036749
  0.67958725E+02  0.00000000E+00    1.360569    0.036749
  0.68036232E+02  0.00000000E+00    1.360569    0.036749
  0.68036232E+02  0.00000000E+00    1.360569    0.036749
  0.69603653E+02  0.00000000E+00    1.360569    0.036749
  0.69603653E+02  0.00000000E+00    1.360569    0.036749
  0.69841940E+02  0.00000000E+00    1.360569    0.036749
  0.69841940E+02  0.00000000E+00    1.360569    0.036749
  0.69871787E+02  0.00000000E+00    1.360569    0.036749
  0.69871787E+02  0.00000000E+00    1.360569    0.036749
  0.70004220E+02  0.00000000E+00    1.360569    0.036749
  0.70004220E+02  0.00000000E+00    1.360569    0.036749
  0.71076097E+02  0.00000000E+00    1.360569    0.036749
  0.71076097E+02  0.00000000E+00    1.360569    0.036749
  0.71361171E+02  0.00000000E+00    1.360569    0.036749
  0.71361171E+02  0.00000000E+00    1.360569    0.036749
  0.72249868E+02  0.00000000E+00    1.360569    0.036749
  0.72249868E+02  0.00000000E+00    1.360569    0.036749
  0.72338282E+02  0.00000000E+00    1.360569    0.036749
  0.72338282E+02  0.00000000E+00    1.360569    0.036749
  0.72581826E+02  0.00000000E+00    1.360569    0.036749
  0.72581826E+02  0.00000000E+00    1.360569    0.036749
  0.73397693E+02  0.00000000E+00    1.360569    0.036749
  0.73397693E+02  0.00000000E+00    1.360569    0.036749
  0.73539243E+02  0.00000000E+00    1.360569    0.036749
  0.73539243E+02  0.00000000E+00    1.360569    0.036749
  0.73890793E+02  0.00000000E+00    1.360569    0.036749
  0.73890793E+02  0.00000000E+00    1.360569    0.036749
  0.74153787E+02  0.00000000E+00    1.360569    0.036749
  0.75018693E+02  0.00000000E+00    1.360569    0.036749
  0.75018693E+02  0.00000000E+00    1.360569    0.036749
  0.75282022E+02  0.00000000E+00    1.360569    0.036749
  0.75282022E+02  0.00000000E+00    1.360569    0.036749
  0.75304623E+02  0.00000000E+00    1.360569    0.036749
  0.75304623E+02  0.00000000E+00    1.360569    0.036749
  0.76185145E+02  0.00000000E+00    1.360569    0.036749
  0.76257194E+02  0.00000000E+00    1.360569    0.036749
  0.76628368E+02  0.00000000E+00    1.360569    0.036749
  0.76628368E+02  0.00000000E+00    1.360569    0.036749
  0.76687562E+02  0.00000000E+00    1.360569    0.036749
  0.76687562E+02  0.00000000E+00    1.360569    0.036749
  0.77010486E+02  0.00000000E+00    1.360569    0.036749
  0.77010486E+02  0.00000000E+00    1.360569    0.036749
  0.77188393E+02  0.00000000E+00    1.360569    0.036749
  0.77188393E+02  0.00000000E+00    1.360569    0.036749
  0.77330156E+02  0.00000000E+00    1.360569    0.036749
  0.77330156E+02  0.00000000E+00    1.360569    0.036749
  0.77477083E+02  0.00000000E+00    1.360569    0.036749
  0.77477083E+02  0.00000000E+00    1.360569    0.036749
  0.78131911E+02  0.00000000E+00    1.360569    0.036749
  0.78149494E+02  0.00000000E+00    1.360569    0.036749
  0.78149494E+02  0.00000000E+00    1.360569    0.036749
  0.78275088E+02  0.00000000E+00    1.360569    0.036749
  0.78275088E+02  0.00000000E+00    1.360569    0.036749
  0.78386566E+02  0.00000000E+00    1.360569    0.036749
  0.78599615E+02  0.00000000E+00    1.360569    0.036749
  0.78599615E+02  0.00000000E+00    1.360569    0.036749
  0.79535565E+02  0.00000000E+00    1.360569    0.036749
  0.79535565E+02  0.00000000E+00    1.360569    0.036749
  0.79559437E+02  0.00000000E+00    1.360569    0.036749
  0.79559437E+02  0.00000000E+00    1.360569    0.036749
  0.79700918E+02  0.00000000E+00    1.360569    0.036749
  0.79700918E+02  0.00000000E+00    1.360569    0.036749
  0.80214780E+02  0.00000000E+00    1.360569    0.036749
  0.80214781E+02  0.00000000E+00    1.360569    0.036749
  0.80558271E+02  0.00000000E+00    1.360569    0.036749
  0.80558271E+02  0.00000000E+00    1.360569    0.036749
  0.80620793E+02  0.00000000E+00    1.360569    0.036749
  0.80620793E+02  0.00000000E+00    1.360569    0.036749
  0.80820158E+02  0.00000000E+00    1.360569    0.036749
  0.80820158E+02  0.00000000E+00    1.360569    0.036749
  0.81575717E+02  0.00000000E+00    1.360569    0.036749
  0.81575717E+02  0.00000000E+00    1.360569    0.036749
  0.82302342E+02  0.00000000E+00    1.360569    0.036749
  0.82302342E+02  0.00000000E+00    1.360569    0.036749
  0.82639715E+02  0.00000000E+00    1.360569    0.036749
  0.82671705E+02  0.00000000E+00    1.360569    0.036749
  0.82671705E+02  0.00000000E+00    1.360569    0.036749
  0.83381372E+02  0.00000000E+00    1.360569    0.036749
  0.83381372E+02  0.00000000E+00    1.360569    0.036749
  0.84212413E+02  0.00000000E+00    1.360569    0.036749
  0.84212413E+02  0.00000000E+00    1.360569    0.036749
  0.84259720E+02  0.00000000E+00    1.360569    0.036749
  0.84259720E+02  0.00000000E+00    1.360569    0.036749
  0.84273210E+02  0.00000000E+00    1.360569    0.036749
  0.84273210E+02  0.00000000E+00    1.360569    0.036749
  0.85478327E+02  0.00000000E+00    1.360569    0.036749
  0.85478327E+02  0.00000000E+00    1.360569    0.036749
  0.85584055E+02  0.00000000E+00    1.360569    0.036749
  0.85584055E+02  0.00000000E+00    1.360569    0.036749
  0.86082253E+02  0.00000000E+00    1.360569    0.036749
  0.86082253E+02  0.00000000E+00    1.360569    0.036749
  0.86928944E+02  0.00000000E+00    1.360569    0.036749
  0.86928944E+02  0.00000000E+00    1.360569    0.036749
  0.87035418E+02  0.00000000E+00    1.360569    0.036749
  0.87035418E+02  0.00000000E+00    1.360569    0.036749
  0.87948724E+02  0.00000000E+00    1.360569    0.036749
  0.87948724E+02  0.00000000E+00    1.360569    0.036749
  0.88308941E+02  0.00000000E+00    1.360569    0.036749
  0.88308941E+02  0.00000000E+00    1.360569    0.036749
  0.89011560E+02  0.00000000E+00    1.360569    0.036749
  0.89019082E+02  0.00000000E+00    1.360569    0.036749
  0.89019082E+02  0.00000000E+00    1.360569    0.036749
  0.89491520E+02  0.00000000E+00    1.360569    0.036749
  0.89491520E+02  0.00000000E+00    1.360569    0.036749
  0.89605482E+02  0.00000000E+00    1.360569    0.036749
  0.89689188E+02  0.00000000E+00    1.360569    0.036749
  0.89689188E+02  0.00000000E+00    1.360569    0.036749
  0.90741314E+02  0.00000000E+00    1.360569    0.036749
  0.90741314E+02  0.00000000E+00    1.360569    0.036749
  0.91019983E+02  0.00000000E+00    1.360569    0.036749
  0.91019983E+02  0.00000000E+00    1.360569    0.036749
  0.91610355E+02  0.00000000E+00    1.360569    0.036749
  0.91610355E+02  0.00000000E+00    1.360569    0.036749
  0.91616923E+02  0.00000000E+00    1.360569    0.036749
  0.91616923E+02  0.00000000E+00    1.360569    0.036749
  0.92711948E+02  0.00000000E+00    1.360569    0.036749
  0.93209154E+02  0.00000000E+00    1.360569    0.036749
  0.93209154E+02  0.00000000E+00    1.360569    0.036749
  0.93605497E+02  0.00000000E+00    1.360569    0.036749
  0.93605497E+02  0.00000000E+00    1.360569    0.036749
  0.93691548E+02  0.00000000E+00    1.360569    0.036749
  0.93691548E+02  0.00000000E+00    1.360569    0.036749
  0.93839494E+02  0.00000000E+00    1.360569    0.036749
  0.93839494E+02  0.00000000E+00    1.360569    0.036749
  0.95318149E+02  0.00000000E+00    1.360569    0.036749
  0.95318149E+02  0.00000000E+00    1.360569    0.036749
  0.95456063E+02  0.00000000E+00    1.360569    0.036749
  0.95456063E+02  0.00000000E+00    1.360569    0.036749
  0.95822523E+02  0.00000000E+00    1.360569    0.036749
  0.96631067E+02  0.00000000E+00    1.360569    0.036749
  0.96631067E+02  0.00000000E+00    1.360569    0.036749
  0.96900156E+02  0.00000000E+00    1.360569    0.036749
  0.96900156E+02  0.00000000E+00    1.360569    0.036749
  0.97167891E+02  0.00000000E+00    1.360569    0.036749
  0.97167891E+02  0.00000000E+00    1.360569    0.036749
  0.97347219E+02  0.00000000E+00    1.360569    0.036749
  0.97347219E+02  0.00000000E+00    1.360569    0.036749
  0.97381791E+02  0.00000000E+00    1.360569    0.036749
  0.97404492E+02  0.00000000E+00    1.360569    0.036749
  0.97404492E+02  0.00000000E+00    1.360569    0.036749
  0.98697391E+02  0.00000000E+00    1.360569    0.036749
  0.98697391E+02  0.00000000E+00    1.360569    0.036749
  0.10229981E+03  0.00000000E+00    1.360569    0.036749
  0.10229981E+03  0.00000000E+00    1.360569    0.036749
  0.10354638E+03  0.00000000E+00    1.360569    0.036749
  0.10354638E+03  0.00000000E+00    1.360569    0.036749
  0.10413603E+03  0.00000000E+00    1.360569    0.036749
  0.10413603E+03  0.00000000E+00    1.360569    0.036749
  0.10454483E+03  0.00000000E+00    1.360569    0.036749
  0.10454483E+03  0.00000000E+00    1.360569    0.036749
  0.10732527E+03  0.00000000E+00    1.360569    0.036749
  0.10805722E+03  0.00000000E+00    1.360569    0.036749
  0.10805722E+03  0.00000000E+00    1.360569    0.036749
  0.10858696E+03  0.00000000E+00    1.360569    0.036749
  0.10979689E+03  0.00000000E+00    1.360569    0.036749
  0.10979689E+03  0.00000000E+00    1.360569    0.036749
  0.11213151E+03  0.00000000E+00    1.360569    0.036749
  0.11213151E+03  0.00000000E+00    1.360569    0.036749
  0.11301788E+03  0.00000000E+00    1.360569    0.036749
  0.11301788E+03  0.00000000E+00    1.360569    0.036749
  0.11382831E+03  0.00000000E+00    1.360569    0.036749
  0.11382831E+03  0.00000000E+00    1.360569    0.036749
  0.11430485E+03  0.00000000E+00    1.360569    0.036749
  0.11566175E+03  0.00000000E+00    1.360569    0.036749
  0.11566175E+03  0.00000000E+00    1.360569    0.036749
  0.11606726E+03  0.00000000E+00    1.360569    0.036749
  0.11656242E+03  0.00000000E+00    1.360569    0.036749
  0.11656242E+03  0.00000000E+00    1.360569    0.036749
  0.11687898E+03  0.00000000E+00    1.360569    0.036749
  0.11687898E+03  0.00000000E+00    1.360569    0.036749
  0.12024065E+03  0.00000000E+00    1.360569    0.036749
  0.12024065E+03  0.00000000E+00    1.360569    0.036749
  0.12341723E+03  0.00000000E+00    1.360569    0.036749
  0.12341723E+03  0.00000000E+00    1.360569    0.036749
  0.12466097E+03  0.00000000E+00    1.360569    0.036749
  0.12466097E+03  0.00000000E+00    1.360569    0.036749
  0.12655019E+03  0.00000000E+00    1.360569    0.036749
  0.12655019E+03  0.00000000E+00    1.360569    0.036749
  0.12735232E+03  0.00000000E+00    1.360569    0.036749
  0.12735232E+03  0.00000000E+00    1.360569    0.036749
  0.12872707E+03  0.00000000E+00    1.360569    0.036749
  0.12872707E+03  0.00000000E+00    1.360569    0.036749
  0.13160007E+03  0.00000000E+00    1.360569    0.036749
  0.13160007E+03  0.00000000E+00    1.360569    0.036749
  0.13243763E+03  0.00000000E+00    1.360569    0.036749
  0.13243763E+03  0.00000000E+00    1.360569    0.036749
  0.13245614E+03  0.00000000E+00    1.360569    0.036749
  0.13245614E+03  0.00000000E+00    1.360569    0.036749
  0.13266815E+03  0.00000000E+00    1.360569    0.036749
  0.13530606E+03  0.00000000E+00    1.360569    0.036749
  0.13620900E+03  0.00000000E+00    1.360569    0.036749
  0.13620900E+03  0.00000000E+00    1.360569    0.036749
  0.13670723E+03  0.00000000E+00    1.360569    0.036749
  0.13670723E+03  0.00000000E+00    1.360569    0.036749
  0.13764721E+03  0.00000000E+00    1.360569    0.036749
  0.13764721E+03  0.00000000E+00    1.360569    0.036749
  0.13930269E+03  0.00000000E+00    1.360569    0.036749
  0.13940822E+03  0.00000000E+00    1.360569    0.036749
  0.13940822E+03  0.00000000E+00    1.360569    0.036749
  0.13981054E+03  0.00000000E+00    1.360569    0.036749
  0.13983330E+03  0.00000000E+00    1.360569    0.036749
  0.14195441E+03  0.00000000E+00    1.360569    0.036749
  0.14195441E+03  0.00000000E+00    1.360569    0.036749
  0.14208955E+03  0.00000000E+00    1.360569    0.036749
  0.14208955E+03  0.00000000E+00    1.360569    0.036749
  0.14211145E+03  0.00000000E+00    1.360569    0.036749
  0.14211145E+03  0.00000000E+00    1.360569    0.036749
  0.14307711E+03  0.00000000E+00    1.360569    0.036749
  0.14314272E+03  0.00000000E+00    1.360569    0.036749
  0.14314272E+03  0.00000000E+00    1.360569    0.036749
  0.14344898E+03  0.00000000E+00    1.360569    0.036749
  0.14344898E+03  0.00000000E+00    1.360569    0.036749
  0.14411104E+03  0.00000000E+00    1.360569    0.036749
  0.14411104E+03  0.00000000E+00    1.360569    0.036749
  0.14551860E+03  0.00000000E+00    1.360569    0.036749
  0.14551860E+03  0.00000000E+00    1.360569    0.036749
  0.15098176E+03  0.00000000E+00    1.360569    0.036749
  0.15098176E+03  0.00000000E+00    1.360569    0.036749
  0.15615964E+03  0.00000000E+00    1.360569    0.036749
  0.15615964E+03  0.00000000E+00    1.360569    0.036749
  0.16036326E+03  0.00000000E+00    1.360569    0.036749
  0.16036326E+03  0.00000000E+00    1.360569    0.036749
  0.16173730E+03  0.00000000E+00    1.360569    0.036749
  0.16585837E+03  0.00000000E+00    1.360569    0.036749
  0.16585837E+03  0.00000000E+00    1.360569    0.036749
  0.16834199E+03  0.00000000E+00    1.360569    0.036749
  0.16834199E+03  0.00000000E+00    1.360569    0.036749
  0.17206993E+03  0.00000000E+00    1.360569    0.036749
  0.17206993E+03  0.00000000E+00    1.360569    0.036749
  0.61417356E+03  0.00000000E+00    1.360569    0.036749
  0.62116084E+03  0.00000000E+00    1.360569    0.036749
  0.62116084E+03  0.00000000E+00    1.360569    0.036749
  0.63230506E+03  0.00000000E+00    1.360569    0.036749
  0.63230506E+03  0.00000000E+00    1.360569    0.036749
  0.64601407E+03  0.00000000E+00    1.360569    0.036749
  0.64601407E+03  0.00000000E+00    1.360569    0.036749
  0.64615226E+03  0.00000000E+00    1.360569    0.036749
  0.64615226E+03  0.00000000E+00    1.360569    0.036749
  0.64686348E+03  0.00000000E+00    1.360569    0.036749
  0.64686348E+03  0.00000000E+00    1.360569    0.036749
  0.65350460E+03  0.00000000E+00    1.360569    0.036749
  0.65350460E+03  0.00000000E+00    1.360569    0.036749
  0.65456792E+03  0.00000000E+00    1.360569    0.036749
  0.65968073E+03  0.00000000E+00    1.360569    0.036749
  0.65968073E+03  0.00000000E+00    1.360569    0.036749
  0.66525428E+03  0.00000000E+00    1.360569    0.036749
  0.66525428E+03  0.00000000E+00    1.360569    0.036749
  0.00000000E+00  0.00000000E+00    1.360569    0.036749
          18
    19    20    21    22    23    24    25    26    27    28    29    30
    31    32    33    34    35    36
           9
    37    39    40    45    46    49    50    53    54
           9
    38    41    42    43    44    47    48    51    52
           0
           0
           0
           0
           0
           0
           0
